521500 1
186500 0
123800 1
19000 0
619500 1
909900 0
366300 1
539400 0
650400 1
379500 0
189000 1
236900 0
99800 1
743500 0
127100 1
105400 0
193200 1
98800 0
625500 1
663200 0
801000 1
313600 0
494700 1
742400 0
356400 1
728600 0
743500 1
94700 0
559300 1
401500 0
101300 1
848600 0
18600 1
859000 0
202900 1
202700 0
313700 1
640000 0
535100 1
432200 0
245500 1
603200 0
195600 1
69300 0
743300 1
847900 0
536800 1
186100 0
66600 1
536000 0
703200 1
696000 0
728100 1
996700 0
123900 1
179500 0
147300 1
396200 0
119500 1
816100 0
107100 1
449400 0
704500 1
417400 0
447600 1
336000 0
560600 1
998800 0
655900 1
928400 0
768700 1
639500 0
388800 1
397100 0
772100 1
271300 0
86800 1
646600 0
720300 1
88100 0
80500 1
957000 0
28300 1
430900 0
292100 1
629300 0
690700 1
142700 0
91600 1
258000 0
716200 1
623600 0
924200 1
460600 0
184500 1
738800 0
3700 1
907900 0
471200 1
969700 0
