656500 1
204100 0
450400 1
622400 0
255300 1
82500 0
514100 1
629900 0
642000 1
697600 0
292400 1
728700 0
334400 1
710300 0
664100 1
561300 0
805800 1
771400 0
256800 1
903200 0
204900 1
498900 0
546400 1
25500 0
841200 1
381400 0
321300 1
144900 0
4000 1
213100 0
962800 1
775700 0
533600 1
401600 0
357000 1
575900 0
231800 1
110600 0
708900 1
11600 0
797200 1
177000 0
599900 1
33900 0
406700 1
604000 0
947200 1
859700 0
422500 1
574400 0
381700 1
261700 0
211700 1
447300 0
367600 1
164000 0
242700 1
152100 0
728400 1
708600 0
726400 1
303500 0
574800 1
192100 0
383300 1
371800 0
266800 1
341000 0
355000 1
667700 0
51600 1
392200 0
504600 1
105900 0
744000 1
806200 0
494300 1
292600 0
578500 1
885400 0
245100 1
733000 0
16800 1
352400 0
487600 1
504200 0
110900 1
866800 0
21800 1
290700 0
743000 1
313600 0
153600 1
150900 0
403400 1
483000 0
354600 1
837700 0
136500 1
385600 0
420000 1
182700 0
293900 1
297400 0
71800 1
711600 0
790400 1
27000 0
738200 1
571900 0
49600 1
797500 0
142800 1
904000 0
829300 1
892900 0
644700 1
442600 0
388100 1
253800 0
526400 1
391700 0
744800 1
71700 0
776400 1
81500 0
644700 1
612000 0
437900 1
473400 0
819700 1
51700 0
996200 1
26100 0
873500 1
190700 0
591000 1
25300 0
937800 1
49500 0
154100 1
343900 0
418300 1
389200 0
964800 1
691300 0
180500 1
644600 0
565000 1
761400 0
446600 1
338700 0
147900 1
726100 0
515100 1
338800 0
156300 1
520700 0
376400 1
350500 0
946300 1
806200 0
377800 1
510400 0
863900 1
102600 0
189200 1
154600 0
238700 1
683200 0
989800 1
827100 0
297100 1
512700 0
16100 1
264000 0
314700 1
62200 0
689400 1
968100 0
348800 1
675700 0
895600 1
277400 0
157500 1
805100 0
837900 1
186400 0
940100 1
353300 0
236000 1
249100 0
415400 1
640100 0
445200 1
581200 0
768700 1
232700 0
204800 1
596800 0
54300 1
127500 0
63300 1
772700 0
290900 1
857300 0
118600 1
513600 0
190500 1
195500 0
226200 1
738100 0
565500 1
107900 0
129100 1
924200 0
578200 1
816900 0
912100 1
317400 0
2700 1
977800 0
158600 1
126000 0
230800 1
976200 0
230700 1
892400 0
608100 1
564600 0
392000 1
842600 0
123300 1
316900 0
626200 1
154400 0
922100 1
573400 0
71600 1
86000 0
561100 1
111500 0
437200 1
285300 0
991700 1
247900 0
870700 1
165900 0
576700 1
627800 0
852400 1
701500 0
832600 1
959500 0
868200 1
983700 0
948100 1
603500 0
173600 1
458500 0
150500 1
844700 0
476800 1
997400 0
872600 1
265300 0
748900 1
504000 0
265300 1
660400 0
150200 1
112100 0
115900 1
711600 0
237900 1
522100 0
980500 1
638800 0
802500 1
528400 0
978500 1
814800 0
682600 1
570300 0
97200 1
181100 0
793300 1
876700 0
342800 1
982200 0
641000 1
994100 0
159500 1
297600 0
503800 1
523600 0
36100 1
426900 0
53000 1
233800 0
367400 1
32700 0
166500 1
197600 0
534400 1
492000 0
55300 1
840100 0
707600 1
257400 0
507200 1
81700 0
577400 1
264500 0
947300 1
693900 0
288900 1
258700 0
194700 1
58800 0
132900 1
52400 0
515300 1
610600 0
450100 1
605000 0
866100 1
249300 0
791000 1
137300 0
822700 1
639900 0
823000 1
584200 0
824800 1
404900 0
346400 1
248300 0
389600 1
403300 0
85900 1
358300 0
745700 1
795100 0
571800 1
48000 0
718000 1
339700 0
58000 1
149900 0
101300 1
651800 0
959800 1
140100 0
175200 1
890700 0
718700 1
402400 0
853300 1
811600 0
478000 1
166400 0
677300 1
954400 0
94400 1
366500 0
256000 1
460900 0
728300 1
983900 0
953800 1
745600 0
596900 1
639900 0
252700 1
175400 0
692000 1
196200 0
949200 1
798400 0
706800 1
376800 0
586900 1
668500 0
748900 1
553500 0
26100 1
190100 0
95100 1
657500 0
185900 1
541500 0
274900 1
598800 0
200000 1
372400 0
975800 1
475900 0
815200 1
50800 0
935400 1
735400 0
48900 1
122900 0
24300 1
220500 0
297800 1
821400 0
205700 1
634100 0
267500 1
990400 0
216100 1
444000 0
903900 1
27500 0
939100 1
904300 0
315600 1
643700 0
532900 1
421200 0
55000 1
838600 0
79500 1
774200 0
873600 1
5700 0
403200 1
871200 0
106100 1
978000 0
831900 1
105200 0
320800 1
956100 0
611200 1
36500 0
104600 1
489100 0
309000 1
513800 0
83800 1
37600 0
223500 1
586200 0
211900 1
220000 0
468800 1
194300 0
240100 1
174700 0
498300 1
738800 0
37400 1
108900 0
862600 1
839200 0
901100 1
487100 0
598200 1
896600 0
628900 1
561900 0
972500 1
879700 0
320100 1
332800 0
891200 1
259800 0
961100 1
935600 0
403800 1
14400 0
698800 1
737000 0
15000 1
398400 0
626700 1
265400 0
558000 1
461500 0
234600 1
139400 0
12900 1
744200 0
115300 1
404300 0
690100 1
814300 0
16300 1
258100 0
17400 1
852100 0
630500 1
958200 0
493500 1
791300 0
282000 1
73600 0
524300 1
505900 0
396200 1
288200 0
35800 1
341700 0
988800 1
211700 0
319100 1
480800 0
142400 1
237100 0
100200 1
134000 0
83500 1
930300 0
271300 1
527900 0
380000 1
692100 0
683300 1
879100 0
518900 1
612600 0
459300 1
913100 0
205300 1
475500 0
610000 1
584500 0
159000 1
334900 0
379300 1
74700 0
533300 1
642900 0
62300 1
93100 0
184200 1
246900 0
211200 1
68300 0
177500 1
345100 0
808400 1
56600 0
210300 1
505100 0
95300 1
74300 0
328800 1
58700 0
932100 1
739500 0
596700 1
807200 0
775800 1
103100 0
812700 1
162000 0
658000 1
8200 0
524800 1
301400 0
141000 1
923100 0
403200 1
913100 0
212600 1
261800 0
617100 1
14900 0
456900 1
509800 0
950300 1
278300 0
983500 1
512000 0
366700 1
827200 0
320400 1
925200 0
107300 1
960900 0
348400 1
763700 0
327400 1
20400 0
562200 1
197200 0
729500 1
182700 0
570500 1
668800 0
936500 1
172700 0
884600 1
851900 0
302500 1
9300 0
77600 1
202000 0
715500 1
641900 0
256200 1
143100 0
602100 1
100400 0
237300 1
737000 0
43400 1
696500 0
924500 1
879800 0
178600 1
98500 0
963100 1
332000 0
89500 1
499300 0
993800 1
98600 0
930300 1
899700 0
547400 1
364200 0
156500 1
35300 0
464300 1
103000 0
453400 1
758000 0
689600 1
435100 0
350200 1
174400 0
18300 1
935500 0
655400 1
455800 0
888100 1
522700 0
883500 1
220900 0
832200 1
285200 0
21300 1
167700 0
25100 1
983000 0
727300 1
712100 0
55300 1
64000 0
518400 1
358000 0
394500 1
418700 0
713700 1
582900 0
96300 1
872600 0
984300 1
980800 0
143500 1
551100 0
5800 1
52900 0
597100 1
886600 0
399500 1
225700 0
189100 1
12200 0
668700 1
460400 0
364300 1
114900 0
581000 1
954200 0
183700 1
234500 0
722900 1
652900 0
981000 1
135100 0
709800 1
111700 0
575700 1
857500 0
351700 1
957600 0
843100 1
948900 0
545300 1
612900 0
458100 1
554700 0
284200 1
655500 0
165500 1
244700 0
879500 1
634200 0
454000 1
33900 0
11500 1
573000 0
850000 1
266800 0
704000 1
98900 0
618400 1
102100 0
845700 1
148800 0
417100 1
414500 0
346500 1
169000 0
79400 1
369800 0
134100 1
97700 0
313800 1
290800 0
997000 1
987100 0
129400 1
939500 0
34900 1
484700 0
702800 1
555800 0
370500 1
124300 0
387400 1
346300 0
986800 1
812900 0
419400 1
232700 0
995200 1
613600 0
201500 1
470700 0
269100 1
383700 0
143400 1
536700 0
681700 1
898700 0
70500 1
76400 0
857600 1
211400 0
204800 1
596300 0
107600 1
876400 0
96300 1
229600 0
116800 1
187200 0
114800 1
700000 0
356900 1
634100 0
193600 1
486300 0
205500 1
814000 0
869600 1
569100 0
26000 1
142300 0
656100 1
448600 0
508200 1
571400 0
602800 1
65200 0
853200 1
165800 0
527800 1
125500 0
531000 1
34900 0
359200 1
306700 0
726800 1
211500 0
655700 1
534500 0
545800 1
277400 0
728600 1
274100 0
106300 1
919900 0
485300 1
657900 0
617000 1
946400 0
112300 1
976900 0
686400 1
300500 0
454300 1
712100 0
382400 1
727700 0
731800 1
859600 0
113500 1
304600 0
758200 1
232100 0
456500 1
710900 0
24500 1
48000 0
164100 1
982000 0
816100 1
318700 0
833300 1
510000 0
33400 1
656400 0
246700 1
375900 0
319400 1
36200 0
357700 1
317900 0
730100 1
346900 0
460700 1
854800 0
391900 1
203800 0
970200 1
609700 0
735600 1
901600 0
147300 1
67300 0
769100 1
988800 0
559500 1
213300 0
72000 1
98400 0
891300 1
653500 0
170900 1
759000 0
881200 1
828400 0
905000 1
805700 0
353400 1
770300 0
60700 1
916000 0
802100 1
359100 0
745000 1
162400 0
474300 1
605600 0
202900 1
119100 0
374300 1
525500 0
878600 1
800600 0
906300 1
211800 0
276900 1
992300 0
236400 1
840700 0
440300 1
520700 0
78200 1
420400 0
871100 1
556800 0
413300 1
839600 0
350100 1
107300 0
940200 1
522100 0
368800 1
9000 0
676000 1
389000 0
181200 1
253300 0
482900 1
928200 0
403800 1
3200 0
34400 1
659300 0
314300 1
144000 0
877700 1
76300 0
523900 1
149400 0
372700 1
116400 0
347800 1
960600 0
441100 1
631900 0
667600 1
283300 0
553300 1
385700 0
528000 1
718900 0
811900 1
59500 0
103100 1
963100 0
319700 1
851600 0
627300 1
285200 0
67300 1
114200 0
288600 1
449600 0
597100 1
862800 0
610800 1
602500 0
631000 1
999000 0
288400 1
529000 0
193400 1
74300 0
375700 1
785300 0
967700 1
852500 0
398000 1
364800 0
478500 1
562600 0
712000 1
43600 0
472100 1
106100 0
554200 1
261500 0
598200 1
724200 0
248700 1
597200 0
696500 1
168200 0
774100 1
791500 0
691400 1
617600 0
813500 1
707600 0
539200 1
919300 0
350200 1
854000 0
611300 1
36800 0
669600 1
251100 0
628400 1
65500 0
161600 1
289000 0
635500 1
245100 0
712200 1
107400 0
929800 1
961700 0
411800 1
431200 0
68800 1
791400 0
446200 1
293000 0
651300 1
903900 0
44300 1
92400 0
462700 1
729900 0
226300 1
113400 0
457900 1
128400 0
547000 1
140600 0
220900 1
936700 0
984100 1
77400 0
579600 1
306700 0
265700 1
962300 0
243500 1
992000 0
81600 1
339000 0
407600 1
375900 0
844800 1
348900 0
901600 1
927000 0
681500 1
941000 0
260600 1
266400 0
863600 1
598700 0
19200 1
344900 0
88600 1
865400 0
933400 1
269900 0
751500 1
761100 0
190400 1
644500 0
842000 1
54400 0
455600 1
223500 0
777500 1
316700 0
130500 1
410300 0
577300 1
918500 0
805600 1
506600 0
225800 1
125100 0
816700 1
371900 0
490000 1
517600 0
666800 1
498700 0
507600 1
986200 0
444500 1
420600 0
154300 1
27000 0
318100 1
325600 0
106900 1
263700 0
445000 1
159100 0
401500 1
770400 0
572700 1
156100 0
590000 1
780600 0
293200 1
307300 0
236200 1
581700 0
176200 1
598200 0
215400 1
527100 0
322600 1
203400 0
124700 1
21200 0
568100 1
719300 0
362400 1
28000 0
782800 1
244000 0
394400 1
207900 0
632900 1
755500 0
581700 1
729600 0
700500 1
79900 0
33500 1
126100 0
429300 1
687100 0
972700 1
495500 0
268400 1
276000 0
767600 1
321500 0
898900 1
25800 0
657600 1
21200 0
577600 1
60600 0
158400 1
395400 0
87900 1
811600 0
25100 1
516000 0
758300 1
98200 0
828900 1
268800 0
828400 1
70000 0
268500 1
976000 0
266500 1
787700 0
880300 1
310200 0
936400 1
2700 0
568700 1
159600 0
221400 1
394400 0
661500 1
498800 0
37400 1
504100 0
244400 1
790500 0
687300 1
376100 0
56500 1
272200 0
440700 1
345700 0
675100 1
259600 0
341600 1
514900 0
775700 1
898900 0
979000 1
750900 0
127100 1
955700 0
138300 1
652800 0
719700 1
210900 0
296700 1
2000 0
70500 1
102600 0
307900 1
656300 0
734600 1
833600 0
403600 1
49500 0
947400 1
26400 0
8300 1
965200 0
625600 1
216200 0
662000 1
301600 0
365000 1
651100 0
662300 1
935000 0
999900 1
256400 0
265700 1
657400 0
37700 1
872700 0
442500 1
650000 0
780300 1
54600 0
319100 1
987600 0
119700 1
808300 0
221700 1
272300 0
405400 1
78500 0
850900 1
196800 0
951400 1
48100 0
319400 1
926800 0
554200 1
202100 0
853300 1
178600 0
442000 1
844500 0
90100 1
335800 0
973000 1
732400 0
947200 1
26800 0
771200 1
487800 0
263500 1
300100 0
36100 1
308000 0
191800 1
455800 0
176300 1
6500 0
527500 1
989400 0
905200 1
445800 0
169700 1
686700 0
533300 1
235500 0
903400 1
177400 0
261600 1
468700 0
174600 1
300500 0
481700 1
755000 0
410600 1
84300 0
437600 1
500100 0
85500 1
192900 0
384900 1
213900 0
913600 1
906900 0
354700 1
589800 0
488100 1
208500 0
317400 1
653900 0
725400 1
723700 0
787500 1
618700 0
127300 1
654000 0
826400 1
345300 0
460100 1
123100 0
411500 1
434800 0
365600 1
246000 0
671200 1
841400 0
669800 1
21300 0
671700 1
537300 0
506000 1
242600 0
577300 1
786200 0
623400 1
434800 0
356400 1
381500 0
834200 1
903800 0
814300 1
101300 0
782700 1
766800 0
276300 1
303200 0
321800 1
330500 0
875600 1
316500 0
256500 1
535600 0
284500 1
560400 0
450900 1
310000 0
463200 1
531000 0
774200 1
76200 0
857000 1
744400 0
58500 1
115100 0
891700 1
195000 0
340800 1
828300 0
173400 1
644000 0
69100 1
530600 0
962600 1
729800 0
468500 1
702000 0
213400 1
177100 0
247500 1
846700 0
988400 1
280500 0
109500 1
610100 0
632700 1
278300 0
693400 1
508200 0
397300 1
942300 0
134600 1
431200 0
447000 1
756100 0
622200 1
281300 0
773500 1
989300 0
880800 1
996100 0
107200 1
456600 0
25000 1
610800 0
163200 1
613100 0
345500 1
66200 0
705500 1
36900 0
196900 1
141000 0
807500 1
147700 0
758800 1
351700 0
868400 1
353700 0
133600 1
512100 0
76900 1
669700 0
927100 1
19900 0
193800 1
149300 0
350600 1
816100 0
777000 1
113600 0
160500 1
679600 0
396200 1
739800 0
275400 1
597700 0
417000 1
904900 0
963900 1
865400 0
193500 1
949300 0
761500 1
16900 0
648400 1
428800 0
427600 1
648900 0
492100 1
860500 0
59300 1
366300 0
152000 1
14000 0
340600 1
774800 0
518600 1
206700 0
476600 1
957400 0
474300 1
772600 0
85600 1
172400 0
225600 1
968400 0
89000 1
817600 0
856700 1
319400 0
903000 1
447700 0
518700 1
30700 0
824300 1
845300 0
234900 1
798800 0
576800 1
88200 0
766600 1
529200 0
409900 1
867600 0
191600 1
818700 0
719800 1
521500 0
361300 1
805300 0
712500 1
273500 0
512200 1
629400 0
778000 1
184400 0
938700 1
178700 0
618800 1
840000 0
566000 1
59400 0
1000800 1
976200 0
944500 1
485200 0
921500 1
956300 0
529800 1
688300 0
570500 1
149000 0
37500 1
691100 0
969200 1
378500 0
39300 1
909200 0
824300 1
387900 0
876500 1
190000 0
186600 1
960600 0
30400 1
24000 0
228900 1
494900 0
876100 1
193400 0
337400 1
33300 0
738800 1
2500 0
802300 1
796500 0
808200 1
605000 0
120200 1
22800 0
930700 1
954100 0
84700 1
891700 0
421000 1
956800 0
534800 1
739800 0
215000 1
698500 0
870900 1
471600 0
476100 1
489400 0
78500 1
343100 0
284700 1
575700 0
416400 1
445200 0
784400 1
343200 0
842000 1
204200 0
257200 1
506900 0
603700 1
204900 0
127300 1
5400 0
253900 1
860800 0
656500 1
49200 0
491200 1
369700 0
120100 1
860200 0
909800 1
431600 0
379800 1
699500 0
250500 1
93600 0
238300 1
877900 0
97400 1
47100 0
953900 1
651900 0
128000 1
490800 0
170400 1
105700 0
365700 1
116900 0
153100 1
608000 0
172900 1
730800 0
909900 1
306500 0
122000 1
1000500 0
950400 1
266700 0
460000 1
143400 0
870900 1
212100 0
186600 1
983300 0
997600 1
409200 0
8400 1
648100 0
466600 1
782900 0
589000 1
545700 0
3900 1
782800 0
695900 1
410000 0
565800 1
80200 0
501800 1
62400 0
932800 1
290900 0
25200 1
584200 0
54000 1
223600 0
539700 1
990700 0
140000 1
278300 0
599300 1
124300 0
462700 1
654100 0
21000 1
525100 0
711700 1
182200 0
749500 1
991200 0
397300 1
666300 0
122800 1
509700 0
233200 1
232200 0
675200 1
350700 0
584200 1
934400 0
697000 1
96900 0
258000 1
241800 0
315900 1
289300 0
999100 1
961300 0
15600 1
133100 0
204600 1
835000 0
214400 1
488200 0
221600 1
15500 0
461400 1
710600 0
278500 1
180200 0
64000 1
616600 0
349500 1
998700 0
759900 1
192100 0
832700 1
226400 0
690700 1
571200 0
10200 1
679400 0
471100 1
210600 0
257300 1
676000 0
746800 1
382500 0
196500 1
227000 0
632300 1
15600 0
218400 1
190900 0
47800 1
93600 0
316700 1
855700 0
860900 1
117600 0
836500 1
697900 0
591900 1
114400 0
395800 1
12800 0
612000 1
675400 0
848900 1
559600 0
978600 1
883200 0
448700 1
159000 0
870000 1
330900 0
808500 1
199800 0
327100 1
100400 0
883500 1
375400 0
744800 1
551000 0
311200 1
373800 0
134300 1
246000 0
272300 1
957800 0
941600 1
704600 0
279500 1
369700 0
945200 1
39000 0
42900 1
225900 0
657400 1
489500 0
994600 1
166900 0
808500 1
784000 0
545400 1
325100 0
76500 1
166600 0
532300 1
431000 0
883200 1
55300 0
232500 1
270900 0
601100 1
225100 0
152600 1
694100 0
770400 1
422300 0
116600 1
788800 0
150700 1
330100 0
253200 1
817700 0
288600 1
10100 0
671700 1
555500 0
232400 1
518000 0
303100 1
297100 0
798500 1
494400 0
496600 1
311500 0
132500 1
230500 0
494600 1
475400 0
768100 1
917900 0
809800 1
964800 0
567700 1
852700 0
719000 1
19000 0
933600 1
936900 0
531800 1
573900 0
196500 1
788000 0
336500 1
933400 0
679900 1
164200 0
735600 1
562900 0
375400 1
98200 0
937000 1
781300 0
283300 1
452200 0
855900 1
867900 0
863300 1
71900 0
271100 1
936000 0
777700 1
275900 0
927700 1
813500 0
330100 1
986800 0
159100 1
953200 0
361600 1
235800 0
14700 1
466100 0
552400 1
456600 0
657500 1
349200 0
71400 1
552800 0
902300 1
179600 0
470600 1
6700 0
189400 1
629600 0
651000 1
390500 0
897600 1
803800 0
708200 1
76000 0
114400 1
83200 0
743500 1
753400 0
190500 1
544400 0
23100 1
863200 0
650300 1
215800 0
229900 1
261000 0
944800 1
925200 0
929200 1
32900 0
871300 1
421700 0
82800 1
162900 0
5200 1
266300 0
882600 1
65300 0
156400 1
609500 0
28700 1
723300 0
37100 1
238500 0
579600 1
352100 0
156500 1
146200 0
817700 1
630100 0
897600 1
602600 0
96500 1
999400 0
890500 1
682500 0
211400 1
208600 0
919900 1
761900 0
20200 1
148200 0
944200 1
26300 0
572300 1
775600 0
430500 1
89400 0
120100 1
124900 0
711800 1
771500 0
68000 1
960800 0
401100 1
728600 0
264000 1
564800 0
635600 1
381500 0
130000 1
10800 0
791900 1
99100 0
686300 1
509500 0
447600 1
180300 0
483100 1
200600 0
642400 1
409200 0
68700 1
112300 0
581800 1
42900 0
107600 1
912900 0
530100 1
444300 0
132100 1
49600 0
597100 1
310100 0
226900 1
171800 0
253900 1
822400 0
101700 1
165900 0
659100 1
959500 0
297000 1
562700 0
35300 1
196700 0
642900 1
865700 0
541200 1
313900 0
900500 1
757100 0
538800 1
151900 0
504200 1
21700 0
454400 1
377100 0
351000 1
688600 0
420600 1
45400 0
274200 1
622600 0
445900 1
264600 0
216000 1
214500 0
294200 1
438900 0
324100 1
969500 0
611700 1
99800 0
615000 1
367600 0
232900 1
274000 0
835200 1
269500 0
778900 1
927600 0
874900 1
235400 0
969300 1
854500 0
937800 1
850700 0
243700 1
55500 0
927000 1
118600 0
991600 1
643200 0
125300 1
543800 0
724000 1
896100 0
644500 1
921100 0
279600 1
8300 0
211300 1
516800 0
998000 1
96900 0
214100 1
878600 0
525400 1
19900 0
109000 1
224700 0
708600 1
146200 0
540100 1
49900 0
757000 1
242600 0
686200 1
155000 0
127100 1
690500 0
184200 1
183500 0
134900 1
187500 0
65500 1
202100 0
233100 1
335700 0
827000 1
710200 0
858500 1
916800 0
574000 1
964800 0
958400 1
207700 0
13900 1
60800 0
103000 1
764600 0
183800 1
60700 0
816100 1
492300 0
980200 1
629000 0
715500 1
989800 0
25800 1
97200 0
834500 1
611300 0
673500 1
906600 0
161600 1
947400 0
218100 1
75400 0
239300 1
226900 0
121200 1
684500 0
312500 1
641800 0
118100 1
981600 0
167200 1
204000 0
728400 1
819000 0
655900 1
185800 0
5600 1
833600 0
743800 1
752700 0
157500 1
104200 0
312400 1
281900 0
657500 1
92000 0
227100 1
371200 0
156300 1
374500 0
899200 1
56100 0
346600 1
197000 0
956000 1
781900 0
127400 1
376700 0
423500 1
207100 0
574500 1
764900 0
798400 1
894200 0
810900 1
681100 0
328100 1
316000 0
837100 1
719200 0
298400 1
339700 0
252100 1
697800 0
474100 1
136100 0
466600 1
838800 0
412400 1
180900 0
881300 1
890700 0
997300 1
557300 0
116100 1
707500 0
668000 1
943200 0
162800 1
536300 0
451800 1
928500 0
758000 1
970900 0
366700 1
161300 0
271300 1
207100 0
65300 1
379300 0
263200 1
594300 0
771200 1
971700 0
937600 1
610500 0
511200 1
858800 0
607400 1
557100 0
537500 1
679300 0
943000 1
523400 0
687400 1
474800 0
273700 1
196800 0
293000 1
969600 0
712300 1
475800 0
731400 1
853500 0
8300 1
844400 0
38100 1
931400 0
460900 1
778200 0
607600 1
224300 0
10200 1
560900 0
269100 1
917100 0
486400 1
674400 0
72000 1
94700 0
378100 1
148400 0
568100 1
377300 0
676200 1
757800 0
782900 1
155900 0
529900 1
947900 0
943900 1
511500 0
774800 1
935200 0
280000 1
50300 0
36300 1
520900 0
758400 1
300300 0
853500 1
118700 0
120900 1
172200 0
94300 1
323300 0
416000 1
896400 0
182400 1
120200 0
496300 1
392800 0
822200 1
79100 0
769800 1
435600 0
838700 1
10900 0
653900 1
686300 0
336600 1
561300 0
456600 1
138400 0
900000 1
619900 0
142600 1
103000 0
415700 1
313800 0
542000 1
779700 0
207500 1
729600 0
545200 1
584100 0
631100 1
588300 0
680600 1
596600 0
959000 1
84400 0
347600 1
751100 0
95400 1
716000 0
208000 1
570700 0
709700 1
529400 0
995500 1
418800 0
216900 1
141700 0
202900 1
496900 0
7500 1
893800 0
231600 1
486700 0
629500 1
765700 0
505600 1
20900 0
281600 1
485500 0
339500 1
877200 0
127700 1
695700 0
124900 1
860300 0
533300 1
258600 0
552800 1
940000 0
87400 1
188500 0
633400 1
440500 0
863000 1
864600 0
872800 1
797300 0
51600 1
534200 0
591100 1
455100 0
858500 1
378300 0
452300 1
360500 0
198800 1
571300 0
145000 1
162700 0
113000 1
917800 0
254700 1
751500 0
585700 1
625900 0
549800 1
2000 0
544700 1
612600 0
561900 1
698300 0
105900 1
102800 0
919700 1
138400 0
415100 1
246600 0
384800 1
81100 0
659800 1
129700 0
165100 1
804300 0
225300 1
496000 0
620600 1
157400 0
373900 1
61700 0
901400 1
19400 0
140100 1
5600 0
713100 1
816600 0
720300 1
680800 0
163600 1
836900 0
459600 1
565400 0
129500 1
806700 0
374800 1
685900 0
380700 1
159600 0
353700 1
821900 0
616200 1
211800 0
421600 1
431100 0
31100 1
139900 0
526400 1
105300 0
374800 1
341900 0
962100 1
915300 0
590300 1
181000 0
483500 1
189400 0
513400 1
382000 0
954800 1
44200 0
505400 1
149700 0
449700 1
127100 0
98800 1
494000 0
535700 1
97300 0
836900 1
897500 0
747100 1
507100 0
646600 1
30600 0
807900 1
186800 0
193100 1
219800 0
204600 1
612200 0
651400 1
259200 0
666700 1
472200 0
102300 1
206500 0
879900 1
364000 0
854200 1
315700 0
830200 1
332200 0
780100 1
769400 0
592300 1
290100 0
857400 1
249100 0
456200 1
243700 0
136700 1
131100 0
217100 1
293500 0
120300 1
228500 0
104200 1
604700 0
492000 1
447200 0
19500 1
410000 0
791600 1
795700 0
927100 1
172500 0
566600 1
210700 0
164500 1
955800 0
945000 1
198400 0
895500 1
252700 0
34000 1
888000 0
724000 1
683100 0
737500 1
522900 0
628900 1
720500 0
455000 1
775500 0
23300 1
884600 0
169500 1
656200 0
720800 1
291400 0
143000 1
535700 0
5900 1
733900 0
258500 1
696900 0
52300 1
786100 0
2900 1
28800 0
181300 1
820500 0
17000 1
615200 0
613700 1
606300 0
26700 1
510400 0
104500 1
131200 0
307400 1
813500 0
515000 1
310000 0
181600 1
536300 0
30100 1
778500 0
403900 1
862700 0
767200 1
488600 0
941900 1
843100 0
839100 1
103300 0
913700 1
36800 0
370100 1
803000 0
982700 1
831000 0
581200 1
108100 0
629200 1
837200 0
313400 1
10700 0
828000 1
929400 0
890600 1
879400 0
134900 1
79900 0
585100 1
735900 0
525500 1
291900 0
434700 1
989600 0
751900 1
65000 0
609300 1
16300 0
16300 1
207100 0
132800 1
802100 0
816600 1
546900 0
738300 1
468900 0
118300 1
850000 0
962400 1
38600 0
324300 1
626800 0
711400 1
828000 0
973100 1
456200 0
449300 1
496200 0
811900 1
205100 0
333400 1
596200 0
119700 1
491600 0
892700 1
583100 0
67200 1
697700 0
663100 1
389700 0
270000 1
838900 0
502100 1
29400 0
987300 1
933800 0
73800 1
697200 0
332500 1
374900 0
14100 1
818300 0
313900 1
513500 0
159600 1
90200 0
745200 1
284300 0
750700 1
232700 0
961700 1
89900 0
533200 1
26500 0
857600 1
604800 0
881300 1
178000 0
399300 1
661900 0
255300 1
532600 0
532900 1
21400 0
431000 1
828500 0
859800 1
402300 0
802400 1
499100 0
74300 1
258300 0
104200 1
241500 0
600300 1
305100 0
697400 1
515500 0
310100 1
283000 0
85300 1
390100 0
51700 1
607000 0
242900 1
832100 0
691100 1
345500 0
653800 1
228800 0
563000 1
523700 0
917000 1
115800 0
196400 1
417400 0
854300 1
450100 0
85100 1
644200 0
801000 1
654600 0
927100 1
330300 0
831800 1
251400 0
922200 1
863400 0
98700 1
767400 0
438100 1
775600 0
957500 1
717600 0
639400 1
825500 0
129000 1
364300 0
372700 1
135000 0
47300 1
895500 0
572900 1
957300 0
231900 1
213300 0
148100 1
516900 0
320300 1
922300 0
46800 1
763400 0
820100 1
482000 0
78000 1
423000 0
611400 1
967000 0
565100 1
336700 0
578000 1
768600 0
360200 1
704700 0
474800 1
349900 0
803900 1
529100 0
521700 1
490000 0
858700 1
172000 0
96200 1
234000 0
265900 1
230300 0
209500 1
126600 0
390200 1
997100 0
860400 1
533700 0
554800 1
479100 0
368500 1
644600 0
739100 1
210400 0
902100 1
713000 0
976600 1
971800 0
314600 1
934700 0
781100 1
757000 0
232400 1
594600 0
161100 1
97600 0
49600 1
200600 0
448000 1
294600 0
159800 1
669900 0
106900 1
884900 0
101400 1
296700 0
625300 1
78700 0
958700 1
748900 0
178300 1
128400 0
238500 1
457400 0
478600 1
196900 0
136400 1
667000 0
481100 1
178800 0
160400 1
355400 0
548200 1
251300 0
438600 1
774300 0
572200 1
277900 0
741500 1
236100 0
197100 1
341100 0
567300 1
214500 0
964900 1
12400 0
627900 1
384700 0
362600 1
23000 0
543800 1
999400 0
889000 1
107900 0
677400 1
707200 0
298300 1
111800 0
1000 1
780900 0
634200 1
244300 0
21200 1
411300 0
106900 1
184000 0
950200 1
150400 0
717600 1
662900 0
72100 1
891100 0
223300 1
357900 0
979100 1
510600 0
497000 1
112100 0
951100 1
155900 0
355800 1
59900 0
867700 1
168500 0
316800 1
30300 0
558300 1
472700 0
77300 1
873100 0
169100 1
797700 0
66100 1
953600 0
132500 1
481800 0
585200 1
626200 0
603100 1
993300 0
104700 1
631900 0
574700 1
12600 0
782400 1
6500 0
120200 1
85700 0
653400 1
730800 0
793800 1
874800 0
707400 1
57800 0
250700 1
333800 0
65900 1
447200 0
175700 1
62500 0
219300 1
968900 0
5800 1
224800 0
374100 1
506600 0
169700 1
377400 0
792100 1
668500 0
628700 1
367100 0
583400 1
177900 0
18400 1
73400 0
718300 1
502200 0
994600 1
811200 0
721600 1
537600 0
255300 1
133100 0
419200 1
494800 0
947100 1
788600 0
1400 1
486900 0
483400 1
606800 0
279300 1
528200 0
160900 1
110100 0
96600 1
973200 0
894600 1
778100 0
813100 1
800300 0
9000 1
620000 0
584800 1
196500 0
705200 1
221200 0
483400 1
465200 0
619900 1
506500 0
565800 1
756600 0
142800 1
1100 0
400500 1
41700 0
208700 1
198300 0
599300 1
166300 0
755200 1
931300 0
755600 1
168300 0
292700 1
58300 0
235400 1
480600 0
798200 1
771200 0
522400 1
222600 0
59600 1
539900 0
960600 1
977500 0
889800 1
506500 0
731700 1
359100 0
86600 1
181900 0
839200 1
586500 0
256700 1
767100 0
654900 1
240500 0
46600 1
127600 0
599600 1
208900 0
220500 1
421000 0
227500 1
86000 0
80000 1
798200 0
502900 1
710800 0
141700 1
494900 0
736600 1
940300 0
264400 1
799800 0
878900 1
814100 0
434700 1
72800 0
597200 1
279900 0
883200 1
694400 0
112300 1
267200 0
251600 1
216100 0
173200 1
974600 0
91200 1
146500 0
847300 1
899200 0
459400 1
70500 0
415400 1
30700 0
751700 1
521500 0
940400 1
938300 0
14800 1
278100 0
411200 1
984000 0
529600 1
485300 0
181900 1
279500 0
569500 1
81900 0
346200 1
948100 0
161400 1
2600 0
946300 1
578800 0
2700 1
220900 0
750600 1
908600 0
961500 1
1000 0
572700 1
218100 0
816200 1
286700 0
742400 1
914500 0
429500 1
733600 0
816200 1
966300 0
136700 1
605200 0
741700 1
170000 0
217400 1
631800 0
943300 1
628200 0
718400 1
177700 0
27900 1
234700 0
464500 1
849700 0
383900 1
352700 0
455900 1
541100 0
598500 1
757200 0
474200 1
135000 0
38000 1
869000 0
189300 1
271300 0
856200 1
275200 0
235300 1
609900 0
862600 1
804800 0
871200 1
753500 0
94200 1
513400 0
419600 1
152400 0
88000 1
636700 0
802100 1
281000 0
928200 1
841100 0
77600 1
857500 0
780400 1
985700 0
884600 1
625000 0
296200 1
667800 0
338300 1
914700 0
722000 1
896900 0
736600 1
215500 0
431400 1
136300 0
280700 1
266800 0
383700 1
599300 0
424500 1
777800 0
60700 1
885500 0
130800 1
627100 0
264700 1
784900 0
831600 1
549200 0
89000 1
571200 0
974800 1
162000 0
285600 1
610000 0
210200 1
98300 0
881000 1
157400 0
625400 1
93000 0
676400 1
375100 0
174200 1
317800 0
131200 1
290500 0
782800 1
383700 0
98400 1
658500 0
274700 1
231000 0
279900 1
433900 0
44300 1
226500 0
628400 1
149800 0
298600 1
788800 0
36700 1
494100 0
162800 1
323000 0
575500 1
598200 0
603100 1
656400 0
156500 1
679000 0
19100 1
349900 0
585800 1
363900 0
125400 1
260900 0
745500 1
164800 0
612400 1
880100 0
515000 1
229200 0
86500 1
117600 0
117100 1
783400 0
276800 1
882000 0
381700 1
765900 0
552500 1
556900 0
535600 1
643300 0
450300 1
650200 0
23700 1
903900 0
453400 1
154400 0
335100 1
760100 0
111000 1
1000900 0
806600 1
971700 0
746100 1
651000 0
805000 1
459300 0
644600 1
17300 0
646400 1
607300 0
83400 1
289300 0
925100 1
429900 0
587800 1
377400 0
533400 1
824600 0
189700 1
329600 0
350900 1
728400 0
243600 1
232700 0
194100 1
466500 0
146800 1
714300 0
980600 1
7000 0
323400 1
486700 0
530700 1
731600 0
901100 1
748000 0
635200 1
958300 0
892300 1
357600 0
324100 1
607300 0
749400 1
309600 0
855200 1
601500 0
336400 1
707600 0
57400 1
342700 0
793500 1
261600 0
45100 1
816800 0
567200 1
783300 0
822900 1
255100 0
513700 1
665000 0
40900 1
116000 0
959400 1
114600 0
191000 1
429900 0
617400 1
551300 0
234300 1
154400 0
935500 1
236100 0
674400 1
954900 0
224000 1
261300 0
175900 1
804800 0
645800 1
359000 0
72800 1
718100 0
654800 1
818300 0
935300 1
256000 0
837300 1
183800 0
395400 1
861900 0
472900 1
48500 0
863300 1
803200 0
541100 1
989200 0
638600 1
312300 0
121200 1
406200 0
266100 1
574500 0
728800 1
45100 0
474200 1
454400 0
713700 1
227200 0
461500 1
186500 0
599300 1
174100 0
569900 1
287500 0
409400 1
18400 0
338800 1
382600 0
95500 1
390400 0
335300 1
154500 0
233900 1
834600 0
970700 1
102600 0
317500 1
586100 0
112500 1
475600 0
176100 1
227100 0
867200 1
345000 0
322600 1
902900 0
398600 1
411000 0
559700 1
840100 0
544600 1
717600 0
889800 1
391400 0
207400 1
673200 0
575100 1
147700 0
601500 1
503300 0
92000 1
598100 0
856700 1
689300 0
762100 1
234700 0
922700 1
17000 0
682900 1
521100 0
444300 1
584400 0
274400 1
618000 0
119100 1
356600 0
405200 1
329000 0
663500 1
634900 0
658500 1
301000 0
234400 1
976000 0
465700 1
251900 0
298400 1
243200 0
405800 1
672400 0
716300 1
8100 0
79000 1
530800 0
378500 1
364800 0
595700 1
386100 0
625000 1
809700 0
857000 1
129600 0
854200 1
249900 0
883500 1
385600 0
886200 1
134800 0
622600 1
138700 0
456500 1
974900 0
420200 1
282500 0
957300 1
688100 0
356600 1
867900 0
375400 1
614800 0
979000 1
628400 0
63800 1
242600 0
370600 1
277700 0
199900 1
589000 0
191600 1
214800 0
640900 1
527000 0
900500 1
529200 0
412500 1
162200 0
45000 1
299400 0
112200 1
830300 0
181700 1
148600 0
508500 1
474000 0
346700 1
866500 0
242700 1
153800 0
401600 1
782500 0
12600 1
700100 0
723400 1
348900 0
497800 1
851300 0
319800 1
267600 0
186900 1
816400 0
927500 1
465300 0
161700 1
319900 0
34900 1
431600 0
373700 1
558300 0
140700 1
979200 0
657500 1
840500 0
441600 1
408100 0
681700 1
371100 0
979200 1
531600 0
883800 1
414300 0
11100 1
797400 0
448000 1
525800 0
765400 1
355400 0
552600 1
502600 0
758800 1
41100 0
700100 1
662300 0
373200 1
787500 0
220700 1
97000 0
656100 1
33500 0
271100 1
418400 0
611800 1
805700 0
501600 1
54000 0
821600 1
487500 0
328200 1
740600 0
393400 1
903300 0
561600 1
555500 0
7600 1
100300 0
6900 1
951200 0
571700 1
435900 0
16500 1
314200 0
980800 1
573600 0
580400 1
606200 0
101900 1
358300 0
830400 1
185800 0
475500 1
396900 0
720500 1
793000 0
446100 1
405600 0
51300 1
430300 0
763500 1
845600 0
221700 1
537200 0
561400 1
28300 0
553000 1
39300 0
155500 1
554400 0
432600 1
895600 0
489000 1
906000 0
897100 1
948500 0
848900 1
752000 0
235300 1
816600 0
124300 1
912000 0
599800 1
109500 0
40500 1
513300 0
957500 1
62700 0
537100 1
971700 0
17000 1
534400 0
236800 1
941000 0
653500 1
760600 0
217500 1
388900 0
509700 1
594900 0
498800 1
191800 0
405800 1
132700 0
707200 1
150400 0
36600 1
909800 0
60700 1
991300 0
812500 1
223300 0
591000 1
940200 0
477000 1
188400 0
653500 1
450100 0
472700 1
41800 0
368600 1
357900 0
261000 1
83200 0
452300 1
661200 0
107900 1
494100 0
680600 1
606700 0
768500 1
806300 0
106300 1
611700 0
87800 1
133000 0
765400 1
573100 0
344000 1
396000 0
428600 1
288600 0
421400 1
329200 0
255300 1
988700 0
769600 1
574900 0
713100 1
150000 0
69000 1
24100 0
364200 1
461500 0
628300 1
490900 0
812700 1
624900 0
633400 1
324600 0
998900 1
405100 0
163300 1
54700 0
606800 1
264400 0
183500 1
448300 0
322100 1
84800 0
286900 1
257300 0
341100 1
418600 0
230400 1
893700 0
603700 1
72500 0
515900 1
318400 0
69100 1
887200 0
113900 1
947300 0
867000 1
887100 0
820600 1
730800 0
176200 1
251000 0
936700 1
351100 0
254500 1
85300 0
717400 1
944300 0
653600 1
156600 0
726200 1
909500 0
347200 1
502100 0
299300 1
292100 0
355900 1
846300 0
897800 1
894400 0
677200 1
929800 0
18500 1
161800 0
786000 1
758400 0
34500 1
430700 0
409600 1
828700 0
321500 1
884800 0
712900 1
546400 0
681400 1
685000 0
712500 1
802100 0
100800 1
938600 0
204000 1
381200 0
261300 1
250300 0
784300 1
283800 0
805600 1
67500 0
269300 1
69600 0
676300 1
322100 0
15300 1
806100 0
64000 1
97500 0
656900 1
568100 0
181600 1
339700 0
266100 1
562400 0
336500 1
700400 0
715300 1
651400 0
539000 1
994600 0
759900 1
799200 0
514700 1
543700 0
656500 1
413500 0
15200 1
750600 0
898100 1
77600 0
138500 1
416400 0
102000 1
463600 0
62100 1
339000 0
164800 1
67900 0
581500 1
410100 0
82400 1
847400 0
890700 1
488400 0
399000 1
613200 0
276200 1
399800 0
520800 1
671000 0
585500 1
831200 0
224600 1
393100 0
621700 1
111300 0
258600 1
978600 0
796700 1
585500 0
368400 1
848100 0
69700 1
642900 0
9700 1
474000 0
600600 1
302400 0
93600 1
293300 0
220800 1
156200 0
844800 1
111700 0
910900 1
227500 0
992400 1
114700 0
30700 1
612400 0
734000 1
310700 0
774400 1
419000 0
324700 1
894400 0
836900 1
733500 0
414400 1
112200 0
18000 1
51500 0
773900 1
645900 0
112000 1
204200 0
853000 1
228100 0
287600 1
591000 0
11100 1
737700 0
212700 1
45800 0
345900 1
912000 0
225300 1
503800 0
304000 1
491300 0
611400 1
41500 0
422200 1
402600 0
840600 1
133400 0
606600 1
321700 0
973900 1
73600 0
161700 1
198500 0
29100 1
396300 0
325600 1
857100 0
569900 1
298300 0
19700 1
684100 0
177700 1
889800 0
374400 1
598400 0
150200 1
167700 0
438500 1
487600 0
411400 1
660300 0
486300 1
774700 0
533200 1
840100 0
762200 1
459700 0
871500 1
718300 0
13300 1
667400 0
694100 1
335500 0
72700 1
312600 0
520400 1
397200 0
322700 1
1000200 0
547000 1
562000 0
770200 1
449700 0
898900 1
899700 0
85200 1
118300 0
970000 1
879900 0
648000 1
99800 0
400400 1
571000 0
135600 1
271300 0
546500 1
654300 0
409900 1
343800 0
135400 1
467300 0
213500 1
953600 0
377200 1
761500 0
165800 1
179600 0
186400 1
915700 0
504800 1
56500 0
566500 1
49700 0
567400 1
85700 0
982400 1
166400 0
914800 1
934500 0
101900 1
76200 0
202500 1
836500 0
273900 1
617200 0
238000 1
175000 0
188600 1
482500 0
577800 1
109400 0
419700 1
161700 0
634500 1
539200 0
208300 1
163900 0
582000 1
178000 0
786500 1
461900 0
27700 1
100300 0
386800 1
683700 0
90000 1
941600 0
706600 1
927400 0
739200 1
669400 0
621800 1
237700 0
99300 1
166800 0
853500 1
34800 0
666700 1
736400 0
922600 1
962000 0
67300 1
474900 0
437900 1
507100 0
214700 1
997700 0
160800 1
210700 0
88400 1
598900 0
875900 1
930100 0
733000 1
825600 0
16600 1
768300 0
140600 1
881600 0
265600 1
948100 0
273800 1
803500 0
707900 1
100500 0
19800 1
324200 0
797500 1
325700 0
366100 1
752800 0
91600 1
843100 0
453600 1
54900 0
113800 1
673600 0
273400 1
815200 0
536100 1
53800 0
795900 1
1200 0
337000 1
940600 0
586900 1
253300 0
293600 1
367100 0
550800 1
133900 0
943000 1
826300 0
762100 1
64300 0
312700 1
884000 0
616400 1
690200 0
239200 1
705400 0
692500 1
646300 0
882600 1
333000 0
680200 1
808500 0
377300 1
685600 0
109800 1
576000 0
179900 1
662200 0
827000 1
288800 0
498100 1
511200 0
28500 1
235500 0
722500 1
9300 0
457200 1
122800 0
199800 1
956700 0
131700 1
312500 0
52000 1
96200 0
336300 1
390100 0
407700 1
502900 0
321600 1
107000 0
456500 1
879300 0
812700 1
194500 0
30200 1
430200 0
817400 1
813300 0
168700 1
112100 0
465500 1
773700 0
581900 1
586900 0
614700 1
588000 0
369400 1
856800 0
632200 1
205700 0
615400 1
898400 0
705600 1
109000 0
133300 1
901800 0
455800 1
688900 0
587200 1
442400 0
849100 1
950200 0
784600 1
689900 0
806500 1
737300 0
873400 1
805900 0
982400 1
529200 0
18100 1
978800 0
936600 1
272200 0
636300 1
531600 0
687700 1
696200 0
846800 1
104400 0
52500 1
802800 0
17800 1
70200 0
519500 1
101900 0
872800 1
511000 0
500600 1
643900 0
565100 1
992000 0
598000 1
963400 0
941200 1
50000 0
456500 1
153000 0
123600 1
891000 0
609000 1
12900 0
545200 1
594100 0
664100 1
226500 0
515700 1
22500 0
330100 1
54200 0
283400 1
16100 0
859200 1
422800 0
938500 1
22800 0
812100 1
542200 0
487400 1
617700 0
811400 1
701600 0
921200 1
188900 0
626200 1
197300 0
673900 1
3700 0
218300 1
484000 0
347600 1
10900 0
643600 1
795700 0
681600 1
849800 0
921400 1
240500 0
84700 1
313100 0
87600 1
485500 0
675900 1
318500 0
58400 1
798000 0
794800 1
939200 0
11500 1
645800 0
358700 1
519000 0
5700 1
983600 0
699500 1
973100 0
848000 1
399300 0
465000 1
669900 0
849400 1
72500 0
763200 1
977000 0
219200 1
585200 0
977900 1
358400 0
79000 1
201000 0
118500 1
578100 0
852500 1
394700 0
465200 1
334600 0
140900 1
433000 0
215200 1
283200 0
451400 1
218100 0
848300 1
557500 0
456600 1
969500 0
168700 1
315800 0
255200 1
604400 0
213000 1
696800 0
842200 1
847600 0
446700 1
250800 0
180600 1
78700 0
163100 1
747200 0
351800 1
223900 0
917300 1
260900 0
993800 1
250000 0
389300 1
583100 0
210700 1
857200 0
211100 1
267100 0
747300 1
484300 0
135300 1
614800 0
146400 1
52500 0
56700 1
708500 0
121900 1
544300 0
577400 1
16400 0
640000 1
490400 0
715000 1
430400 0
818200 1
944600 0
452900 1
32500 0
703500 1
716200 0
326100 1
29800 0
93000 1
174000 0
366900 1
703100 0
932600 1
347800 0
642700 1
653500 0
168400 1
961700 0
353800 1
898900 0
825900 1
280000 0
388200 1
156300 0
669700 1
991500 0
654600 1
415700 0
823900 1
222700 0
200300 1
477800 0
819600 1
637000 0
348700 1
22200 0
996100 1
369300 0
228000 1
844200 0
288600 1
624800 0
213800 1
842100 0
389700 1
256800 0
173000 1
214100 0
446300 1
958100 0
35500 1
728200 0
638400 1
580700 0
866900 1
515600 0
697400 1
92200 0
290000 1
245400 0
323800 1
407100 0
614400 1
769800 0
59100 1
518900 0
212200 1
514100 0
782700 1
792900 0
953700 1
912700 0
942200 1
473100 0
82300 1
42500 0
181000 1
427700 0
212000 1
903200 0
684100 1
400200 0
436800 1
423900 0
77500 1
173400 0
66400 1
121600 0
570600 1
877300 0
271900 1
84300 0
186800 1
152100 0
901200 1
204500 0
10500 1
767500 0
549900 1
603900 0
27400 1
199600 0
566700 1
115200 0
210600 1
623800 0
765300 1
160000 0
647600 1
715800 0
270900 1
748900 0
498000 1
572200 0
836000 1
842900 0
910200 1
931300 0
439100 1
180900 0
783900 1
73400 0
817800 1
356100 0
155600 1
920800 0
984000 1
624600 0
80300 1
163600 0
567800 1
30100 0
433000 1
201700 0
83400 1
16300 0
134500 1
36300 0
406700 1
308500 0
274700 1
835500 0
678200 1
205100 0
80900 1
849400 0
38000 1
742600 0
706800 1
837800 0
182000 1
860300 0
277400 1
218800 0
335000 1
48400 0
23900 1
675300 0
354100 1
204300 0
246600 1
634300 0
746500 1
244200 0
193200 1
959300 0
953300 1
907800 0
35100 1
382100 0
100200 1
815700 0
275200 1
598900 0
168600 1
222500 0
141400 1
845300 0
255200 1
317000 0
522000 1
867100 0
56900 1
66700 0
504700 1
611800 0
906900 1
135300 0
850200 1
782100 0
223300 1
24900 0
158000 1
261800 0
899300 1
364600 0
927700 1
908200 0
448100 1
153100 0
995900 1
462000 0
626300 1
253400 0
701900 1
96500 0
618200 1
239700 0
270500 1
620900 0
766900 1
543300 0
566500 1
20100 0
940300 1
408600 0
681000 1
301600 0
18000 1
16300 0
97000 1
623900 0
55400 1
975300 0
221600 1
154100 0
848700 1
379300 0
988300 1
4600 0
407500 1
801000 0
770400 1
526100 0
745900 1
99200 0
970200 1
185100 0
367300 1
969100 0
575600 1
184200 0
676400 1
3500 0
285000 1
744000 0
579800 1
188500 0
201700 1
647800 0
55600 1
693200 0
591400 1
47400 0
407100 1
196100 0
425000 1
673900 0
701800 1
118900 0
143000 1
620200 0
74400 1
591500 0
396100 1
623500 0
304000 1
124400 0
382400 1
189100 0
327900 1
588300 0
315600 1
824000 0
509200 1
469500 0
36400 1
511100 0
80200 1
196400 0
965600 1
182100 0
831500 1
628100 0
957000 1
976600 0
63200 1
958600 0
832700 1
511500 0
529900 1
867600 0
686500 1
465200 0
982000 1
168600 0
23700 1
165600 0
217700 1
239900 0
570400 1
746200 0
278900 1
638600 0
108400 1
284600 0
53300 1
186800 0
633300 1
985400 0
673100 1
320900 0
394600 1
759200 0
124800 1
406600 0
550900 1
627300 0
781900 1
82900 0
194500 1
877600 0
985300 1
284700 0
554300 1
934700 0
749100 1
523600 0
12000 1
933400 0
598800 1
42500 0
855300 1
119700 0
735300 1
190700 0
290800 1
775300 0
110400 1
819000 0
22300 1
369000 0
884200 1
300000 0
530300 1
437400 0
757000 1
318000 0
595400 1
237100 0
446000 1
204900 0
245900 1
835500 0
754000 1
989700 0
417600 1
216800 0
128200 1
203100 0
24600 1
11400 0
86300 1
401900 0
786900 1
702800 0
508000 1
693900 0
200000 1
897800 0
789200 1
727400 0
367900 1
957000 0
875400 1
61900 0
219800 1
90100 0
313400 1
848000 0
300400 1
229200 0
997700 1
583800 0
872900 1
71700 0
934400 1
448800 0
178200 1
614400 0
22700 1
316800 0
225600 1
687100 0
407400 1
372300 0
770800 1
754600 0
674700 1
716700 0
123400 1
421800 0
779800 1
878000 0
552800 1
591100 0
803300 1
617600 0
337300 1
791600 0
106500 1
91400 0
890500 1
162500 0
178800 1
250300 0
273900 1
213100 0
254400 1
331700 0
461200 1
880900 0
815500 1
546000 0
498000 1
418900 0
892200 1
405300 0
215700 1
977500 0
126700 1
583100 0
769300 1
89900 0
100900 1
675700 0
170100 1
286500 0
267100 1
78200 0
72300 1
807400 0
331900 1
339500 0
839300 1
675000 0
852300 1
581200 0
28500 1
176600 0
13200 1
168200 0
890300 1
833400 0
19000 1
756300 0
798200 1
270700 0
874900 1
78000 0
874900 1
389200 0
850000 1
107600 0
173100 1
176200 0
834300 1
756800 0
173200 1
130700 0
759600 1
492000 0
94800 1
231500 0
218800 1
265800 0
562500 1
234300 0
898800 1
479000 0
983000 1
239600 0
80400 1
57400 0
260900 1
72600 0
104800 1
263600 0
506600 1
905000 0
226000 1
492900 0
900900 1
193000 0
137300 1
28600 0
590500 1
114000 0
967100 1
287800 0
650300 1
938200 0
314700 1
274400 0
519000 1
907700 0
250000 1
97700 0
268500 1
691700 0
746600 1
133700 0
11900 1
435900 0
226500 1
914500 0
223400 1
41500 0
640400 1
50300 0
268300 1
32900 0
389100 1
434900 0
848400 1
816300 0
32400 1
63400 0
151500 1
673900 0
172600 1
643400 0
433500 1
889700 0
562000 1
885300 0
133500 1
386900 0
852300 1
316700 0
180000 1
446400 0
458100 1
148900 0
995300 1
255400 0
199700 1
941100 0
108100 1
105400 0
786900 1
664500 0
358200 1
491600 0
932400 1
215200 0
40300 1
34700 0
463600 1
503200 0
552600 1
66600 0
895000 1
529300 0
794300 1
900300 0
41700 1
805500 0
232300 1
132700 0
648800 1
101700 0
456700 1
636400 0
221400 1
741400 0
847300 1
98200 0
98700 1
145200 0
742900 1
544900 0
384200 1
750900 0
636700 1
116300 0
89800 1
16900 0
273200 1
703700 0
32700 1
981000 0
511900 1
198400 0
53800 1
895500 0
632100 1
731100 0
194900 1
89200 0
121800 1
22600 0
545300 1
338200 0
910300 1
503200 0
307900 1
781600 0
80300 1
33000 0
555900 1
138600 0
117000 1
934800 0
293000 1
210600 0
211700 1
306200 0
790300 1
809900 0
514900 1
51800 0
598600 1
612800 0
390800 1
215100 0
596000 1
575400 0
375500 1
235000 0
912400 1
605900 0
15200 1
253700 0
701000 1
657700 0
732500 1
540800 0
486600 1
85800 0
676200 1
202500 0
174300 1
80500 0
785300 1
128700 0
171700 1
466800 0
645200 1
402900 0
130500 1
263300 0
423000 1
722400 0
324300 1
784800 0
324900 1
949800 0
3300 1
85800 0
660300 1
223500 0
490900 1
21500 0
33400 1
614700 0
516200 1
202500 0
25500 1
246200 0
816700 1
349800 0
110800 1
661100 0
887800 1
180800 0
991300 1
540800 0
433100 1
330700 0
528900 1
189400 0
270900 1
320100 0
425300 1
10700 0
494300 1
472600 0
696800 1
128000 0
43900 1
286500 0
420700 1
589000 0
499700 1
388200 0
178500 1
733400 0
131000 1
490600 0
303900 1
590700 0
432800 1
99900 0
861700 1
704900 0
814900 1
843700 0
324500 1
253200 0
1400 1
98100 0
540100 1
238700 0
458500 1
447500 0
288000 1
713600 0
715800 1
400100 0
729400 1
114200 0
474700 1
353700 0
337900 1
879800 0
540400 1
938800 0
171100 1
366200 0
58000 1
45700 0
995500 1
31500 0
889700 1
631500 0
827200 1
783000 0
166300 1
834600 0
250400 1
118400 0
108100 1
380000 0
631900 1
676200 0
301900 1
784300 0
814700 1
845500 0
58600 1
747900 0
672700 1
271500 0
970300 1
683200 0
969400 1
240900 0
953700 1
377800 0
768100 1
585200 0
106500 1
873300 0
667200 1
690200 0
632000 1
894700 0
688100 1
868800 0
929800 1
269900 0
271500 1
822000 0
349600 1
909300 0
622700 1
984300 0
111300 1
725200 0
591500 1
728300 0
549000 1
879600 0
301000 1
158900 0
952900 1
355200 0
538400 1
618500 0
39100 1
391900 0
618300 1
409900 0
714500 1
439100 0
227400 1
689300 0
667200 1
288100 0
117100 1
689600 0
190400 1
142600 0
979200 1
522400 0
144100 1
471600 0
951700 1
749500 0
432700 1
645800 0
575000 1
217200 0
872800 1
442200 0
694700 1
249100 0
163900 1
373100 0
937100 1
224100 0
911700 1
708000 0
794900 1
736500 0
17200 1
706100 0
823600 1
101500 0
768400 1
737900 0
246200 1
9600 0
376400 1
69100 0
44000 1
252400 0
71800 1
981500 0
39200 1
34800 0
202400 1
259900 0
760000 1
276700 0
674100 1
591000 0
213400 1
93500 0
256900 1
216700 0
699300 1
303800 0
7700 1
981800 0
117200 1
23900 0
27500 1
363600 0
198800 1
735100 0
623300 1
465100 0
83600 1
257900 0
296500 1
950500 0
826500 1
203900 0
729600 1
864700 0
43200 1
752300 0
404000 1
325300 0
248900 1
494500 0
854600 1
739400 0
817300 1
909000 0
193400 1
157600 0
202600 1
735800 0
35500 1
63800 0
162400 1
185800 0
110500 1
664900 0
68600 1
767300 0
952800 1
397700 0
273800 1
180300 0
378700 1
453800 0
501900 1
660700 0
911500 1
625100 0
120000 1
284200 0
741500 1
28800 0
507700 1
126300 0
552400 1
408700 0
937500 1
612200 0
375300 1
46600 0
431200 1
782400 0
72200 1
433100 0
960400 1
281500 0
650000 1
273200 0
220500 1
69500 0
398000 1
416200 0
319600 1
998800 0
974900 1
125900 0
522800 1
663500 0
642800 1
898100 0
857300 1
200000 0
15800 1
19400 0
537000 1
194200 0
714500 1
953200 0
970900 1
354100 0
118000 1
851400 0
197700 1
984400 0
829800 1
881600 0
157200 1
642500 0
245700 1
27900 0
483700 1
467800 0
198900 1
700300 0
669000 1
551100 0
252200 1
409400 0
348400 1
70700 0
127500 1
971000 0
534600 1
847800 0
19500 1
143100 0
219000 1
480800 0
613400 1
596200 0
11200 1
739800 0
846300 1
930000 0
537400 1
172200 0
830100 1
163000 0
204500 1
381200 0
89400 1
302000 0
160600 1
422500 0
95200 1
991200 0
595100 1
922900 0
516700 1
668600 0
444000 1
46700 0
88600 1
224800 0
972200 1
703900 0
621100 1
20200 0
135400 1
886400 0
800200 1
276400 0
310200 1
433800 0
571600 1
608600 0
174600 1
117400 0
85700 1
364500 0
702100 1
229900 0
508400 1
11400 0
85900 1
102600 0
809800 1
1500 0
195700 1
121600 0
476800 1
610000 0
133100 1
36100 0
751200 1
249300 0
242100 1
960500 0
825000 1
437000 0
663800 1
811900 0
489000 1
531000 0
290300 1
635900 0
518200 1
141300 0
307000 1
910100 0
126000 1
907800 0
448800 1
816900 0
755800 1
240300 0
374400 1
492900 0
955800 1
366400 0
275000 1
735200 0
12200 1
157000 0
620000 1
239300 0
90900 1
989600 0
323300 1
38900 0
626900 1
5300 0
556700 1
273800 0
654200 1
69200 0
459300 1
91200 0
24900 1
569000 0
671900 1
962200 0
690300 1
248500 0
165200 1
239100 0
512800 1
805900 0
218100 1
542000 0
891800 1
505500 0
470500 1
972300 0
652800 1
858200 0
259800 1
759100 0
29800 1
112600 0
321100 1
11100 0
639600 1
364600 0
724300 1
469800 0
57900 1
954700 0
687000 1
11300 0
267900 1
20500 0
759300 1
873100 0
175100 1
152000 0
35200 1
792200 0
903600 1
795600 0
467400 1
473800 0
764700 1
890600 0
741000 1
47600 0
148200 1
541300 0
502800 1
716400 0
411200 1
714500 0
803900 1
44600 0
684900 1
491000 0
762200 1
471000 0
129300 1
262800 0
554300 1
244900 0
330500 1
109100 0
388200 1
33000 0
695100 1
722600 0
65600 1
817500 0
411300 1
192700 0
268600 1
129400 0
500300 1
736500 0
250200 1
239100 0
478700 1
737900 0
719100 1
795500 0
815500 1
544700 0
494400 1
218400 0
166700 1
721700 0
133200 1
94800 0
515300 1
63000 0
237500 1
72900 0
444800 1
123200 0
530300 1
572300 0
915300 1
94200 0
778300 1
210300 0
273600 1
848500 0
48100 1
340900 0
790500 1
680900 0
54100 1
536900 0
767700 1
163000 0
68200 1
413100 0
40200 1
315900 0
332400 1
680600 0
58200 1
376200 0
9400 1
250400 0
841000 1
965500 0
725700 1
912400 0
239400 1
719300 0
660600 1
385400 0
568000 1
276800 0
798900 1
813200 0
528400 1
60900 0
224900 1
994100 0
916100 1
116500 0
330100 1
753200 0
745500 1
800000 0
275600 1
323000 0
764600 1
214600 0
297400 1
509700 0
650500 1
699600 0
269100 1
180700 0
595700 1
290000 0
539800 1
22000 0
203600 1
461500 0
625200 1
720500 0
348700 1
513800 0
931900 1
384600 0
289300 1
456600 0
405500 1
95300 0
779200 1
706500 0
528100 1
917800 0
259300 1
16500 0
189600 1
240600 0
240500 1
737600 0
49900 1
345400 0
264300 1
34800 0
300900 1
872600 0
821100 1
430200 0
921900 1
764100 0
441600 1
500500 0
5600 1
623300 0
228700 1
933800 0
82300 1
9500 0
102600 1
897500 0
911900 1
69000 0
17700 1
931000 0
252000 1
37400 0
233100 1
780800 0
181200 1
535600 0
249100 1
882200 0
984500 1
125100 0
424000 1
946700 0
220000 1
443000 0
263900 1
165400 0
702300 1
79600 0
832900 1
96500 0
639600 1
328800 0
436400 1
707600 0
642000 1
348000 0
74400 1
37000 0
120500 1
918800 0
778200 1
128300 0
763800 1
631900 0
410900 1
704100 0
261700 1
345900 0
71800 1
738500 0
975800 1
718700 0
822300 1
307100 0
938800 1
48100 0
432600 1
140500 0
397300 1
850400 0
921600 1
185000 0
511400 1
682700 0
280500 1
703300 0
687500 1
405600 0
114700 1
255500 0
815400 1
520500 0
501500 1
115700 0
522000 1
570900 0
698900 1
173600 0
273000 1
990400 0
776300 1
204600 0
542600 1
438200 0
741900 1
627600 0
832700 1
163000 0
964800 1
288700 0
553400 1
544000 0
784100 1
223600 0
259200 1
706100 0
35700 1
26000 0
867400 1
543700 0
808800 1
586000 0
57000 1
349400 0
979300 1
270700 0
605100 1
670800 0
238100 1
615000 0
67900 1
808900 0
295700 1
231700 0
759800 1
304800 0
897100 1
912200 0
925200 1
72700 0
535000 1
720700 0
44200 1
161000 0
124000 1
693000 0
506500 1
490800 0
826900 1
834700 0
559200 1
245200 0
677900 1
735900 0
764300 1
289800 0
17100 1
195700 0
442500 1
513800 0
785000 1
571000 0
374900 1
230500 0
206700 1
698800 0
959200 1
509700 0
320600 1
130800 0
347700 1
705000 0
918100 1
943500 0
608400 1
488500 0
148100 1
520100 0
351200 1
524200 0
987100 1
586600 0
221500 1
362200 0
892800 1
963100 0
447600 1
599800 0
154100 1
66300 0
601400 1
112100 0
715000 1
246100 0
978900 1
890000 0
121900 1
838800 0
113800 1
759600 0
580600 1
481200 0
85400 1
367800 0
397300 1
157800 0
461600 1
147000 0
174300 1
876800 0
438200 1
636100 0
622700 1
244600 0
146000 1
886500 0
663900 1
431100 0
167400 1
724800 0
393900 1
149600 0
621000 1
189400 0
323400 1
503600 0
22500 1
522000 0
848300 1
568700 0
110400 1
652800 0
47400 1
1700 0
114100 1
461900 0
683200 1
152300 0
589800 1
164600 0
795500 1
438500 0
555400 1
457200 0
87300 1
298400 0
31700 1
253500 0
877500 1
659000 0
519800 1
296700 0
724300 1
654400 0
704600 1
24300 0
724100 1
877500 0
352900 1
810700 0
752600 1
112200 0
458300 1
796100 0
132500 1
34000 0
944900 1
49200 0
34000 1
949200 0
228600 1
172500 0
241100 1
291800 0
588500 1
987000 0
78700 1
171700 0
377100 1
969500 0
759000 1
866900 0
58400 1
404500 0
856600 1
51900 0
618700 1
519500 0
626200 1
973400 0
645700 1
758400 0
200200 1
55300 0
908600 1
483100 0
828600 1
699500 0
987900 1
523100 0
915400 1
898700 0
927800 1
215000 0
773000 1
225300 0
315500 1
133600 0
807200 1
592600 0
187300 1
46300 0
268400 1
905600 0
931100 1
178500 0
812900 1
492000 0
568900 1
888100 0
357800 1
650900 0
871200 1
695400 0
266600 1
53700 0
533400 1
385000 0
859700 1
634300 0
880300 1
112200 0
305100 1
341000 0
438300 1
975800 0
409800 1
28800 0
768300 1
189900 0
960900 1
826700 0
625900 1
112000 0
611100 1
228600 0
222500 1
231600 0
156600 1
28000 0
699800 1
817000 0
573100 1
807100 0
58700 1
374800 0
997300 1
452000 0
93600 1
205400 0
16300 1
793100 0
980100 1
324400 0
411300 1
730800 0
268200 1
694900 0
831000 1
790200 0
563000 1
166100 0
293400 1
9500 0
88700 1
226300 0
53100 1
220200 0
583200 1
164000 0
864500 1
714800 0
759200 1
962200 0
445300 1
892300 0
144500 1
930400 0
40700 1
108500 0
36000 1
557600 0
664700 1
151000 0
6500 1
73800 0
840800 1
979900 0
24000 1
972900 0
146500 1
622200 0
913900 1
520500 0
623400 1
491700 0
618000 1
384900 0
532200 1
203200 0
764000 1
842200 0
403000 1
144900 0
88200 1
634600 0
427800 1
333900 0
267700 1
446900 0
596700 1
749800 0
151400 1
29600 0
793700 1
116700 0
223200 1
744600 0
824500 1
360000 0
161100 1
914700 0
693900 1
997200 0
599200 1
283500 0
12600 1
546300 0
242000 1
880300 0
397000 1
205600 0
232400 1
728000 0
829700 1
601700 0
767300 1
184700 0
507200 1
962700 0
559500 1
305700 0
971500 1
671900 0
238900 1
995500 0
787700 1
49000 0
649200 1
190500 0
411600 1
498600 0
929000 1
545500 0
180800 1
277500 0
608600 1
455700 0
673200 1
714600 0
991200 1
241200 0
804400 1
432800 0
714200 1
16600 0
877200 1
811400 0
150200 1
247400 0
947100 1
598200 0
440700 1
801900 0
53500 1
768400 0
598700 1
117400 0
128500 1
387000 0
118800 1
437000 0
238400 1
472800 0
439300 1
691600 0
965700 1
331200 0
417600 1
505700 0
81300 1
712700 0
714900 1
836500 0
871200 1
49600 0
563200 1
171100 0
939900 1
225900 0
421800 1
5700 0
484400 1
267800 0
886700 1
165000 0
345600 1
296700 0
548200 1
409200 0
60800 1
713500 0
530700 1
514200 0
102300 1
853200 0
123200 1
284900 0
10900 1
948800 0
236000 1
207300 0
105300 1
907900 0
358100 1
391700 0
823100 1
267700 0
70500 1
275200 0
53700 1
626800 0
491500 1
457400 0
282300 1
362300 0
882900 1
434300 0
47700 1
946000 0
65700 1
468000 0
121800 1
70700 0
961300 1
744500 0
450900 1
192300 0
220000 1
678700 0
950600 1
264100 0
306200 1
644600 0
127200 1
627600 0
194200 1
925900 0
237700 1
714900 0
25500 1
240200 0
123700 1
635700 0
127100 1
121100 0
348600 1
460900 0
20800 1
520400 0
310400 1
358600 0
39000 1
64000 0
842200 1
275900 0
902600 1
701500 0
663000 1
335700 0
611300 1
84600 0
296200 1
776100 0
664400 1
917000 0
74800 1
906400 0
169000 1
352400 0
979900 1
92700 0
206500 1
991100 0
628200 1
403700 0
634200 1
649400 0
359300 1
137600 0
12100 1
684300 0
567200 1
262800 0
20000 1
432800 0
241600 1
38400 0
266000 1
971700 0
251000 1
957900 0
353500 1
85300 0
688800 1
371500 0
242900 1
334700 0
144100 1
962000 0
732400 1
790600 0
167700 1
448200 0
234500 1
767200 0
931200 1
594900 0
1400 1
78100 0
405300 1
5600 0
730300 1
319700 0
9400 1
686000 0
68900 1
951300 0
231000 1
759800 0
965300 1
518500 0
174300 1
301300 0
498800 1
255200 0
778000 1
614100 0
712900 1
626700 0
457600 1
723800 0
194300 1
215100 0
85800 1
942900 0
869400 1
610000 0
489700 1
842200 0
127000 1
757700 0
904100 1
391600 0
325400 1
363600 0
192800 1
233800 0
979300 1
165300 0
846100 1
939800 0
246900 1
926300 0
52700 1
927800 0
254700 1
578800 0
88700 1
840200 0
43500 1
4800 0
967400 1
37100 0
162300 1
315200 0
230100 1
583700 0
849700 1
869500 0
520900 1
50500 0
370200 1
121600 0
446400 1
978300 0
479800 1
228900 0
149300 1
704700 0
141600 1
55300 0
34500 1
551600 0
566800 1
191500 0
249700 1
532200 0
202100 1
973600 0
420700 1
305300 0
331800 1
930600 0
43800 1
719400 0
488900 1
44200 0
903800 1
848100 0
634000 1
221700 0
885100 1
558500 0
519100 1
586800 0
297100 1
714600 0
747500 1
322800 0
139500 1
383700 0
969700 1
303800 0
178800 1
158400 0
850700 1
67800 0
963000 1
468400 0
41000 1
2000 0
495200 1
57900 0
610500 1
944800 0
626500 1
325900 0
119800 1
566600 0
174600 1
663700 0
303700 1
297400 0
97500 1
275000 0
288000 1
139600 0
659700 1
91500 0
922000 1
958900 0
610500 1
157700 0
756100 1
273900 0
687400 1
126700 0
969400 1
993700 0
165700 1
342300 0
485600 1
856600 0
282400 1
976400 0
699300 1
17800 0
680100 1
196600 0
47900 1
481700 0
684200 1
759600 0
185600 1
691100 0
449000 1
130800 0
633200 1
423700 0
875700 1
707900 0
397100 1
768100 0
931500 1
457300 0
38800 1
893100 0
120400 1
662300 0
718300 1
982200 0
112800 1
716200 0
462200 1
298700 0
210800 1
928300 0
123200 1
248200 0
734000 1
844200 0
489600 1
955800 0
23700 1
400000 0
56800 1
571600 0
147100 1
538700 0
711200 1
972200 0
180100 1
257500 0
378400 1
71500 0
607700 1
93100 0
798600 1
488900 0
732600 1
678700 0
10000 1
811400 0
274200 1
66400 0
891200 1
870400 0
432200 1
922900 0
354600 1
199200 0
312700 1
677400 0
608400 1
192300 0
100500 1
539400 0
42400 1
235400 0
826100 1
793300 0
241400 1
248400 0
595100 1
681100 0
56600 1
216800 0
68500 1
29300 0
340800 1
946600 0
4100 1
35900 0
129200 1
862400 0
894800 1
142000 0
774800 1
197800 0
309700 1
676900 0
294400 1
720900 0
749100 1
774800 0
783100 1
318800 0
865600 1
774300 0
516500 1
516700 0
696100 1
489900 0
210300 1
529100 0
741600 1
195000 0
315300 1
508100 0
711200 1
191100 0
241200 1
190900 0
714700 1
938100 0
507800 1
671500 0
436000 1
283400 0
260200 1
260600 0
35000 1
189200 0
251400 1
324000 0
425200 1
631800 0
412300 1
809200 0
233600 1
273700 0
302100 1
369100 0
62700 1
860400 0
658300 1
287100 0
553000 1
518200 0
401400 1
16900 0
889100 1
187600 0
998100 1
669300 0
745900 1
946400 0
974500 1
359100 0
49100 1
459900 0
555400 1
415300 0
280200 1
960300 0
891900 1
818100 0
675400 1
443500 0
951100 1
782800 0
536200 1
87300 0
169900 1
135300 0
119900 1
489300 0
897200 1
195700 0
52500 1
659200 0
288900 1
936900 0
633600 1
11400 0
953700 1
951900 0
769300 1
427500 0
902500 1
995300 0
746100 1
221200 0
94200 1
579900 0
959000 1
926800 0
572200 1
146800 0
576900 1
95200 0
720200 1
425700 0
14900 1
190800 0
940600 1
616400 0
450400 1
246400 0
883400 1
932200 0
690400 1
910200 0
670800 1
654400 0
974900 1
142000 0
28200 1
589400 0
877500 1
136300 0
633400 1
427400 0
439700 1
395600 0
627900 1
228200 0
634900 1
78400 0
556200 1
909100 0
476100 1
148200 0
672800 1
521300 0
893300 1
858200 0
790800 1
472100 0
683900 1
709800 0
314400 1
112300 0
909600 1
997900 0
628800 1
203200 0
21500 1
808500 0
334300 1
208500 0
815400 1
45800 0
197900 1
987700 0
699000 1
940400 0
844000 1
732600 0
734600 1
304200 0
383800 1
555900 0
163400 1
814200 0
310900 1
428600 0
490300 1
159500 0
760800 1
511000 0
624200 1
180700 0
931400 1
155300 0
122000 1
618600 0
790800 1
495500 0
359700 1
491900 0
637700 1
798900 0
841800 1
978700 0
926000 1
223100 0
581000 1
105000 0
433500 1
358300 0
497600 1
274400 0
910800 1
40600 0
42600 1
118700 0
653400 1
477400 0
921600 1
60800 0
990400 1
712800 0
737500 1
258500 0
727200 1
68400 0
274500 1
119900 0
685400 1
512800 0
214400 1
492000 0
812700 1
53900 0
701300 1
489200 0
397400 1
758000 0
976900 1
859000 0
598900 1
406000 0
771100 1
325200 0
359900 1
250800 0
219000 1
867300 0
891600 1
376600 0
108500 1
667000 0
591100 1
995100 0
154700 1
843600 0
815200 1
614400 0
702100 1
718800 0
389100 1
925300 0
850200 1
153300 0
642400 1
31800 0
521700 1
429500 0
837100 1
248200 0
684900 1
655500 0
680700 1
298800 0
64300 1
366800 0
434000 1
225900 0
124700 1
805600 0
100300 1
45900 0
851400 1
462800 0
473000 1
478400 0
732700 1
16100 0
214600 1
880300 0
154000 1
797300 0
690400 1
473100 0
192600 1
640400 0
795600 1
136300 0
825800 1
641200 0
244400 1
210800 0
868400 1
310500 0
316700 1
494300 0
617000 1
497800 0
694500 1
287600 0
19800 1
187600 0
178200 1
952800 0
552800 1
164700 0
916600 1
116700 0
651300 1
863100 0
143400 1
624600 0
57200 1
874800 0
291300 1
239800 0
48100 1
870500 0
179300 1
280700 0
553200 1
132300 0
268900 1
852000 0
574700 1
923100 0
230400 1
912900 0
824700 1
653700 0
599400 1
844200 0
529000 1
706600 0
160400 1
436600 0
91300 1
166300 0
289700 1
839000 0
750200 1
892900 0
376900 1
669600 0
677300 1
169700 0
737600 1
840200 0
48100 1
408500 0
120200 1
850300 0
169400 1
460000 0
810300 1
11100 0
918300 1
858000 0
817900 1
176400 0
479900 1
622400 0
782600 1
634700 0
479600 1
913300 0
507800 1
87600 0
262700 1
209600 0
348500 1
667300 0
128800 1
472600 0
261300 1
489600 0
831700 1
350800 0
886900 1
429500 0
617100 1
630700 0
850800 1
192900 0
790100 1
489000 0
637300 1
178400 0
201000 1
279400 0
229600 1
858400 0
462800 1
283700 0
371700 1
417300 0
108500 1
21400 0
576800 1
935700 0
704300 1
409500 0
347500 1
664900 0
616500 1
400300 0
508000 1
848100 0
208200 1
978900 0
203100 1
653900 0
850400 1
221700 0
661800 1
579200 0
815100 1
88500 0
164600 1
350400 0
96800 1
760600 0
886100 1
367200 0
421100 1
3500 0
397600 1
87500 0
806200 1
621400 0
969000 1
183600 0
974000 1
282800 0
390900 1
744200 0
481200 1
282500 0
392500 1
744800 0
958700 1
128600 0
912200 1
431800 0
19900 1
272900 0
855800 1
494300 0
271100 1
59700 0
21700 1
83300 0
905500 1
833600 0
804700 1
161800 0
420800 1
472000 0
386100 1
914800 0
85200 1
727200 0
535500 1
684600 0
45500 1
26800 0
175700 1
912800 0
39100 1
595500 0
569900 1
950500 0
172000 1
31200 0
645800 1
34400 0
602800 1
632300 0
389900 1
28100 0
880000 1
763800 0
91600 1
922300 0
331500 1
577000 0
321500 1
547100 0
549700 1
823700 0
141500 1
872900 0
664200 1
254800 0
506300 1
955500 0
162900 1
863700 0
161900 1
343000 0
716400 1
196600 0
544100 1
678400 0
628000 1
837200 0
929100 1
651300 0
890400 1
160200 0
239600 1
115400 0
794400 1
963600 0
6600 1
554700 0
553300 1
849800 0
799200 1
190300 0
203500 1
273400 0
48300 1
917000 0
63800 1
288700 0
337300 1
744400 0
826300 1
439500 0
597600 1
158600 0
141900 1
782800 0
524100 1
792600 0
206600 1
580800 0
401000 1
546900 0
825800 1
954200 0
901200 1
909700 0
36700 1
131700 0
954600 1
814900 0
804100 1
661400 0
409700 1
640200 0
50800 1
880500 0
817600 1
746000 0
992500 1
305800 0
400500 1
682400 0
418600 1
442300 0
734000 1
752000 0
64000 1
658500 0
182900 1
952700 0
719900 1
998500 0
954100 1
824400 0
391600 1
250300 0
210400 1
717100 0
458000 1
204000 0
122100 1
86100 0
54200 1
44700 0
458700 1
317500 0
193600 1
912200 0
578300 1
499600 0
674100 1
942300 0
486300 1
285900 0
830200 1
881400 0
201300 1
772900 0
416300 1
794400 0
791800 1
16400 0
890400 1
710400 0
410700 1
209000 0
147000 1
130000 0
203300 1
145100 0
131400 1
608000 0
127500 1
455700 0
469900 1
436800 0
661700 1
243000 0
226100 1
281300 0
789900 1
629300 0
559900 1
976600 0
366600 1
152100 0
338100 1
926200 0
196600 1
342200 0
666800 1
833100 0
514900 1
7800 0
885700 1
858000 0
452900 1
604300 0
100400 1
29400 0
576900 1
181300 0
295700 1
844800 0
655300 1
446300 0
64300 1
233800 0
561100 1
768400 0
774700 1
797600 0
14000 1
727000 0
735200 1
222700 0
134200 1
692200 0
792200 1
746000 0
872700 1
911700 0
827100 1
235500 0
199200 1
52900 0
167400 1
180600 0
228400 1
645000 0
600400 1
949200 0
758000 1
371600 0
372300 1
388700 0
598000 1
87000 0
893700 1
104100 0
354200 1
945100 0
4500 1
43600 0
994400 1
233100 0
261800 1
694200 0
194000 1
809200 0
616700 1
8600 0
463900 1
537700 0
833700 1
254800 0
344500 1
230700 0
178000 1
266200 0
1000800 1
489700 0
801500 1
191800 0
267100 1
860600 0
71800 1
351500 0
675000 1
254300 0
486500 1
653800 0
57800 1
650300 0
674400 1
320000 0
685300 1
646100 0
192600 1
523900 0
440300 1
97600 0
576900 1
633300 0
156600 1
659800 0
307800 1
125500 0
323700 1
166200 0
814400 1
473500 0
669100 1
168700 0
397600 1
273100 0
517500 1
208900 0
437900 1
411700 0
839500 1
551500 0
571800 1
444700 0
919000 1
707900 0
694200 1
913900 0
670000 1
48900 0
444800 1
854900 0
112500 1
882200 0
958200 1
92300 0
203900 1
705300 0
811300 1
352100 0
136500 1
378800 0
379900 1
168100 0
135400 1
601200 0
299200 1
710100 0
163600 1
56000 0
118400 1
153100 0
875900 1
351300 0
975600 1
766900 0
822200 1
472900 0
444800 1
210400 0
71700 1
298600 0
754800 1
104100 0
778000 1
524300 0
605300 1
264000 0
737800 1
603700 0
670100 1
742600 0
925200 1
288300 0
551500 1
73300 0
495300 1
825000 0
656300 1
933100 0
384700 1
939800 0
754300 1
669800 0
628300 1
844600 0
969100 1
369000 0
523600 1
417500 0
430800 1
46800 0
813500 1
322500 0
641800 1
807000 0
273500 1
221000 0
613800 1
480400 0
602000 1
992800 0
552600 1
522000 0
134500 1
329600 0
880600 1
566900 0
988700 1
71800 0
639800 1
883700 0
155000 1
48200 0
453100 1
116200 0
829300 1
523600 0
358100 1
751600 0
946200 1
88300 0
207100 1
224000 0
374400 1
736100 0
528600 1
265300 0
120900 1
316200 0
239500 1
618500 0
339300 1
416100 0
56200 1
344200 0
335600 1
136100 0
409500 1
57800 0
196100 1
380800 0
611900 1
875300 0
532000 1
153100 0
462100 1
244300 0
968800 1
440000 0
476300 1
745900 0
519300 1
97900 0
397000 1
903900 0
41700 1
652500 0
480000 1
164700 0
300400 1
33400 0
336900 1
710300 0
198000 1
708100 0
532300 1
230500 0
711400 1
167600 0
684200 1
87200 0
188400 1
351700 0
155200 1
319100 0
146900 1
369500 0
427800 1
193300 0
671700 1
140900 0
204500 1
596600 0
294100 1
88300 0
284900 1
24500 0
653500 1
598200 0
211400 1
464900 0
681300 1
24300 0
744400 1
62600 0
210200 1
151400 0
628500 1
186600 0
743500 1
33600 0
616900 1
365600 0
197300 1
332400 0
272100 1
870800 0
402200 1
982700 0
675600 1
318100 0
567500 1
49100 0
498800 1
209600 0
610300 1
255600 0
496600 1
562500 0
47100 1
946900 0
43700 1
887400 0
249800 1
380700 0
68600 1
344400 0
196400 1
10400 0
86700 1
543500 0
307500 1
611200 0
217800 1
626500 0
386300 1
666200 0
20400 1
5000 0
582800 1
484500 0
588100 1
750400 0
40600 1
210100 0
484100 1
739600 0
896700 1
787800 0
581200 1
820600 0
217400 1
261300 0
902300 1
680700 0
228200 1
498400 0
477400 1
718200 0
169800 1
832000 0
131500 1
602200 0
502200 1
526900 0
91000 1
394700 0
189900 1
667000 0
699400 1
787300 0
764100 1
640100 0
175100 1
781200 0
907500 1
114200 0
810100 1
505500 0
54200 1
108500 0
384600 1
136300 0
549500 1
653700 0
64900 1
71900 0
764800 1
559100 0
843600 1
507300 0
204800 1
443500 0
849500 1
917800 0
749300 1
495700 0
192600 1
945900 0
294200 1
906100 0
584700 1
521400 0
166300 1
374900 0
755900 1
885700 0
166200 1
445300 0
89900 1
85800 0
715400 1
479800 0
246600 1
471500 0
190500 1
667600 0
33200 1
276800 0
722300 1
218000 0
38100 1
201000 0
845000 1
895300 0
718900 1
763400 0
189200 1
835500 0
671300 1
280100 0
718500 1
391300 0
337700 1
949800 0
548600 1
75700 0
180300 1
478900 0
756700 1
979400 0
47700 1
252000 0
320500 1
85300 0
386700 1
553800 0
290500 1
100300 0
603900 1
547100 0
588000 1
706000 0
920700 1
651400 0
449800 1
448100 0
748100 1
61700 0
682000 1
230500 0
265500 1
688500 0
344600 1
701300 0
534300 1
911300 0
854100 1
960900 0
20300 1
110200 0
430600 1
100000 0
352100 1
450600 0
178400 1
45600 0
712500 1
380300 0
714500 1
47400 0
205100 1
884200 0
64200 1
713400 0
439200 1
412600 0
739000 1
845800 0
823200 1
407800 0
193800 1
145000 0
585100 1
804800 0
30800 1
209800 0
47900 1
705200 0
147200 1
176700 0
405500 1
51000 0
736100 1
545300 0
1000500 1
887400 0
340300 1
960300 0
266600 1
850900 0
1000100 1
28500 0
432000 1
984800 0
859300 1
872500 0
565200 1
153700 0
8600 1
887000 0
652800 1
500800 0
93100 1
494200 0
671500 1
46600 0
285600 1
73200 0
10400 1
288800 0
284700 1
881600 0
242900 1
314000 0
944400 1
833400 0
489800 1
228400 0
553000 1
131900 0
134900 1
738900 0
311200 1
398700 0
752600 1
706900 0
630900 1
660400 0
143900 1
522200 0
951600 1
423700 0
935600 1
258700 0
874500 1
69000 0
226200 1
763900 0
489100 1
77800 0
161500 1
696600 0
819900 1
478200 0
102900 1
496200 0
261900 1
406200 0
447000 1
629300 0
72900 1
454400 0
322000 1
908600 0
831800 1
29300 0
4100 1
10500 0
277200 1
418800 0
999100 1
821300 0
185500 1
607600 0
212200 1
163100 0
348500 1
339800 0
725100 1
458300 0
195400 1
77200 0
324400 1
340000 0
749100 1
42500 0
954400 1
157500 0
204900 1
798700 0
857200 1
548600 0
191300 1
359800 0
760400 1
561900 0
156500 1
486600 0
962600 1
708600 0
770900 1
279900 0
87500 1
250000 0
641500 1
489300 0
1000900 1
433600 0
916900 1
15800 0
759300 1
905300 0
451100 1
677300 0
601400 1
998300 0
399200 1
21400 0
801800 1
234100 0
427800 1
61100 0
289800 1
998400 0
537100 1
264400 0
503200 1
663200 0
916300 1
304200 0
977300 1
504100 0
827300 1
419900 0
401700 1
607600 0
736300 1
548200 0
112400 1
729700 0
789800 1
126300 0
804700 1
33000 0
901500 1
463900 0
339100 1
759300 0
810800 1
217700 0
479500 1
59900 0
281500 1
43000 0
89900 1
649400 0
938800 1
996600 0
305600 1
41700 0
284700 1
606200 0
865600 1
701600 0
909900 1
55500 0
732600 1
201000 0
642100 1
902500 0
66800 1
819000 0
845100 1
526600 0
769800 1
652700 0
868200 1
35800 0
108900 1
79900 0
194900 1
286700 0
423900 1
730000 0
535300 1
809300 0
357100 1
763600 0
843200 1
373000 0
99500 1
939700 0
667800 1
886100 0
954000 1
269300 0
803500 1
415300 0
662600 1
993800 0
765400 1
35100 0
86300 1
687600 0
165100 1
173500 0
191400 1
346600 0
823400 1
946600 0
105100 1
90900 0
470100 1
36300 0
741700 1
257100 0
312800 1
840400 0
676600 1
176700 0
116800 1
50600 0
688900 1
909000 0
577000 1
15500 0
299700 1
431900 0
920300 1
454400 0
440900 1
986400 0
106700 1
430300 0
74700 1
645300 0
687700 1
869900 0
132000 1
942400 0
151100 1
744900 0
205900 1
709000 0
435700 1
617100 0
276000 1
733600 0
689400 1
679600 0
387800 1
439000 0
101200 1
981700 0
102700 1
742500 0
228400 1
13100 0
772400 1
852700 0
249000 1
625700 0
436600 1
894100 0
625300 1
24100 0
473800 1
737100 0
983400 1
955300 0
134200 1
70300 0
430700 1
970000 0
411000 1
694500 0
265700 1
498100 0
846400 1
532100 0
581000 1
79500 0
309700 1
701500 0
749100 1
40000 0
616200 1
695700 0
682900 1
362400 0
419300 1
523700 0
320300 1
768900 0
482600 1
335600 0
735400 1
58700 0
95100 1
268200 0
760900 1
612500 0
245100 1
5700 0
130200 1
900300 0
815600 1
537100 0
690800 1
215100 0
139500 1
810400 0
746600 1
108800 0
288400 1
165000 0
537300 1
64500 0
977800 1
56000 0
472400 1
152200 0
91100 1
531300 0
135400 1
217600 0
344600 1
448900 0
436500 1
104300 0
616800 1
271900 0
707800 1
349000 0
40500 1
980400 0
107700 1
391000 0
83900 1
723600 0
622000 1
871100 0
104300 1
58100 0
3400 1
836900 0
117300 1
907300 0
422800 1
849700 0
86800 1
369400 0
305500 1
79200 0
300800 1
358100 0
80800 1
265300 0
734200 1
164400 0
918800 1
289600 0
202700 1
771200 0
446000 1
107300 0
169700 1
944300 0
630100 1
293200 0
124000 1
550800 0
83300 1
245200 0
136300 1
176400 0
183100 1
553900 0
904500 1
992600 0
47200 1
630900 0
840900 1
722300 0
368400 1
550900 0
527200 1
845800 0
22200 1
783400 0
869000 1
248900 0
55100 1
262300 0
327000 1
434300 0
214700 1
472700 0
297700 1
587300 0
635700 1
229300 0
41100 1
640900 0
245400 1
1000600 0
291900 1
639900 0
971400 1
963300 0
848900 1
260800 0
784400 1
820200 0
825300 1
650000 0
35100 1
923500 0
419300 1
138500 0
810500 1
686300 0
260100 1
439600 0
507300 1
889300 0
385600 1
330000 0
388300 1
927600 0
530300 1
353900 0
654600 1
933000 0
180500 1
606000 0
943600 1
729600 0
63800 1
517100 0
469300 1
528300 0
224900 1
641000 0
328500 1
715400 0
819200 1
310700 0
660000 1
373000 0
613200 1
780200 0
61500 1
62700 0
257100 1
205400 0
859500 1
588600 0
34100 1
281500 0
378000 1
915000 0
515900 1
199400 0
501400 1
544700 0
556700 1
674100 0
532200 1
649900 0
209600 1
303100 0
123700 1
885800 0
670800 1
841700 0
27400 1
36900 0
677500 1
339300 0
45800 1
244700 0
481500 1
77300 0
341800 1
690100 0
152600 1
648800 0
729900 1
729900 0
662400 1
443500 0
235500 1
787200 0
174900 1
172100 0
245700 1
16400 0
699100 1
268100 0
228900 1
427700 0
541100 1
279600 0
69600 1
821000 0
454900 1
286000 0
828400 1
538200 0
782900 1
371400 0
741600 1
276500 0
909300 1
966200 0
111100 1
841500 0
779100 1
529700 0
17400 1
87000 0
72200 1
497700 0
352400 1
389700 0
157400 1
475200 0
897900 1
512100 0
469600 1
432800 0
269500 1
536800 0
396900 1
37400 0
513400 1
843100 0
26100 1
977200 0
714100 1
938300 0
315800 1
164900 0
7200 1
849000 0
646000 1
293100 0
453600 1
94700 0
129900 1
64500 0
918900 1
159700 0
851500 1
466600 0
398100 1
349400 0
287700 1
256300 0
238300 1
187600 0
248100 1
53000 0
193800 1
491400 0
410800 1
710100 0
529000 1
959300 0
767300 1
750400 0
825200 1
499400 0
161100 1
594800 0
389600 1
819800 0
529100 1
485000 0
652900 1
27200 0
430300 1
508000 0
561200 1
494800 0
747900 1
486500 0
583800 1
369000 0
273800 1
709900 0
809500 1
904700 0
951200 1
627600 0
293500 1
414400 0
184300 1
371600 0
349200 1
566100 0
477000 1
413600 0
131000 1
712500 0
17900 1
9300 0
574600 1
570700 0
463300 1
378300 0
210400 1
312500 0
602800 1
313300 0
492000 1
137200 0
540500 1
227700 0
95900 1
471700 0
190900 1
453100 0
779800 1
304400 0
148400 1
467600 0
585800 1
729500 0
120400 1
721200 0
392800 1
718000 0
426800 1
308200 0
389100 1
86400 0
614600 1
160500 0
514300 1
438700 0
421200 1
716300 0
489500 1
957900 0
409600 1
955700 0
32300 1
609600 0
227900 1
885900 0
184500 1
736800 0
557900 1
541500 0
410400 1
548400 0
921200 1
167000 0
340500 1
245600 0
651100 1
242600 0
140300 1
826800 0
447500 1
112000 0
191300 1
549000 0
425700 1
721700 0
718200 1
779300 0
600300 1
192400 0
241400 1
38700 0
187600 1
487600 0
707400 1
646100 0
737400 1
749900 0
221300 1
671700 0
209200 1
80000 0
615600 1
176400 0
894900 1
165200 0
773000 1
917100 0
171100 1
712900 0
648100 1
77300 0
259600 1
983600 0
530200 1
594500 0
303000 1
594000 0
244700 1
849600 0
930900 1
889100 0
66800 1
937800 0
441500 1
273100 0
979800 1
62800 0
434500 1
858900 0
7100 1
400400 0
7800 1
124600 0
840900 1
751000 0
355300 1
331400 0
159100 1
995900 0
110400 1
711200 0
161400 1
767900 0
421400 1
247700 0
663900 1
697400 0
177900 1
616300 0
84600 1
992400 0
7100 1
295100 0
107900 1
943000 0
44400 1
216600 0
444100 1
513600 0
223800 1
565000 0
702300 1
332500 0
896000 1
377900 0
424500 1
619800 0
958500 1
555200 0
444400 1
343600 0
739500 1
518400 0
161000 1
95100 0
278400 1
16200 0
199200 1
478700 0
234800 1
268200 0
130400 1
922600 0
735300 1
73900 0
909200 1
151700 0
474500 1
217100 0
996000 1
207800 0
968500 1
17100 0
214400 1
84000 0
689800 1
402600 0
260000 1
596600 0
806500 1
575200 0
47400 1
933100 0
232600 1
839200 0
636700 1
566600 0
633700 1
444700 0
720700 1
325300 0
639700 1
615600 0
193200 1
616700 0
560300 1
936700 0
257300 1
212800 0
960300 1
386500 0
521500 1
504900 0
73300 1
89800 0
514100 1
573100 0
857200 1
574600 0
361300 1
519600 0
688300 1
591000 0
764100 1
858900 0
164800 1
707300 0
341100 1
988800 0
260000 1
632800 0
566700 1
301500 0
493100 1
350800 0
709600 1
141400 0
621700 1
625100 0
746100 1
476200 0
780900 1
226800 0
796500 1
162300 0
902200 1
165500 0
292400 1
835300 0
390800 1
460600 0
381700 1
827500 0
540400 1
194600 0
642000 1
630100 0
147100 1
499800 0
153800 1
785600 0
333600 1
540500 0
224600 1
853500 0
970300 1
143400 0
262700 1
745100 0
264900 1
903000 0
795200 1
140900 0
575300 1
306500 0
134800 1
32500 0
215800 1
77500 0
95500 1
35600 0
135900 1
751900 0
170200 1
316100 0
860400 1
171300 0
98500 1
4900 0
411200 1
757100 0
915300 1
248800 0
670700 1
725200 0
257900 1
893900 0
845800 1
89300 0
274500 1
54200 0
526300 1
583700 0
597800 1
780100 0
437700 1
57700 0
522000 1
98600 0
504400 1
371300 0
844600 1
964600 0
455100 1
93600 0
968000 1
561200 0
712100 1
946400 0
795500 1
581600 0
167900 1
14200 0
24200 1
811900 0
594700 1
198200 0
683100 1
294600 0
120000 1
447100 0
635800 1
813800 0
950300 1
216500 0
352500 1
593300 0
324400 1
952300 0
621900 1
812500 0
403600 1
718700 0
720300 1
292000 0
997500 1
240300 0
2100 1
177000 0
622600 1
332400 0
179800 1
320300 0
345400 1
769600 0
310300 1
627600 0
463100 1
327500 0
400600 1
233800 0
24300 1
31600 0
106700 1
356100 0
385100 1
487800 0
92100 1
280700 0
21700 1
456700 0
657000 1
693800 0
231500 1
490800 0
37700 1
611800 0
892800 1
786600 0
183600 1
937000 0
507800 1
164100 0
298000 1
149000 0
181100 1
69800 0
180200 1
787100 0
571000 1
306600 0
187000 1
746500 0
849400 1
349000 0
274200 1
849400 0
2300 1
60200 0
943600 1
388900 0
223600 1
594400 0
98400 1
119100 0
533600 1
881000 0
109900 1
658400 0
958700 1
959600 0
328000 1
989100 0
64100 1
914200 0
442200 1
710600 0
217500 1
483000 0
54100 1
675400 0
10800 1
789400 0
421900 1
69500 0
89900 1
517700 0
330100 1
901700 0
440600 1
712900 0
425800 1
81800 0
455500 1
502000 0
940500 1
912800 0
198100 1
762800 0
309400 1
279200 0
743400 1
652300 0
504300 1
965200 0
493800 1
872500 0
800500 1
71400 0
705800 1
404500 0
711100 1
103800 0
336100 1
923800 0
180300 1
93000 0
953800 1
123900 0
272500 1
201300 0
268000 1
102400 0
948000 1
359100 0
761400 1
589500 0
507500 1
166700 0
840700 1
114900 0
184300 1
384500 0
940000 1
96800 0
260000 1
273200 0
78800 1
133200 0
253000 1
516600 0
67600 1
917100 0
7900 1
475700 0
341700 1
696700 0
644300 1
245400 0
765600 1
537300 0
33600 1
394800 0
124400 1
858200 0
734700 1
41700 0
605100 1
626100 0
233700 1
877700 0
266000 1
117200 0
426800 1
821200 0
40600 1
588400 0
385100 1
955900 0
479700 1
75000 0
73200 1
688700 0
428100 1
215100 0
647900 1
207500 0
524300 1
554000 0
173400 1
546000 0
237400 1
114700 0
953600 1
64100 0
882000 1
370000 0
185600 1
487800 0
339700 1
304400 0
657300 1
92500 0
504600 1
798400 0
251100 1
396200 0
630500 1
793600 0
857400 1
395900 0
485800 1
759600 0
287500 1
119400 0
928800 1
852700 0
364600 1
151100 0
244200 1
978800 0
828200 1
793600 0
777400 1
737500 0
807700 1
287000 0
213400 1
931000 0
291400 1
770300 0
16100 1
918800 0
372100 1
6300 0
931200 1
205100 0
950900 1
623700 0
201300 1
905800 0
346100 1
95300 0
882600 1
625800 0
65400 1
150000 0
778300 1
42000 0
991600 1
497100 0
115500 1
600800 0
982900 1
313000 0
85500 1
773400 0
227000 1
374100 0
528300 1
232800 0
252700 1
32700 0
21200 1
830200 0
327000 1
118200 0
385900 1
294700 0
588300 1
623700 0
4100 1
963900 0
91100 1
30800 0
812100 1
166100 0
366900 1
377500 0
638800 1
809800 0
909700 1
779100 0
580700 1
453400 0
225100 1
901400 0
76400 1
211800 0
501100 1
663600 0
112500 1
261700 0
152500 1
510000 0
109400 1
94300 0
16800 1
967900 0
344900 1
144300 0
451600 1
380600 0
37800 1
612200 0
487100 1
55700 0
370100 1
537100 0
720900 1
35900 0
539800 1
562700 0
249100 1
136900 0
939900 1
489500 0
202000 1
216100 0
15600 1
376700 0
45300 1
678500 0
736200 1
712400 0
552600 1
616300 0
269000 1
700100 0
240800 1
619900 0
950800 1
673800 0
43300 1
151800 0
281000 1
755700 0
768000 1
54700 0
78100 1
138300 0
621000 1
44600 0
490500 1
950700 0
754000 1
669300 0
732300 1
693100 0
972700 1
217700 0
65400 1
16600 0
934000 1
277500 0
821600 1
64300 0
741100 1
227100 0
485700 1
853300 0
112200 1
243500 0
69900 1
928800 0
521600 1
957400 0
861300 1
319000 0
285800 1
180600 0
368900 1
207900 0
189000 1
624700 0
902700 1
129300 0
320200 1
377000 0
835300 1
337900 0
593100 1
236100 0
271600 1
69300 0
546400 1
499700 0
290200 1
845300 0
128800 1
411700 0
979400 1
613400 0
767800 1
973200 0
770400 1
327000 0
7700 1
761900 0
65800 1
200700 0
431000 1
355800 0
890900 1
936800 0
701700 1
368500 0
439400 1
529500 0
933200 1
128200 0
788900 1
531000 0
605900 1
628800 0
691400 1
572500 0
983700 1
903400 0
632900 1
391700 0
317300 1
102000 0
334200 1
75700 0
699200 1
451700 0
269900 1
843800 0
597400 1
133900 0
643200 1
105800 0
673000 1
980000 0
902500 1
1000000 0
706700 1
941600 0
376200 1
941600 0
84200 1
481300 0
17900 1
686900 0
33800 1
386900 0
162700 1
2900 0
471500 1
587500 0
750800 1
462800 0
377800 1
240500 0
152100 1
973000 0
203900 1
25600 0
564300 1
257900 0
97000 1
516200 0
600100 1
171900 0
982500 1
735400 0
593000 1
462200 0
457700 1
727300 0
223300 1
486600 0
558700 1
720600 0
407200 1
711600 0
669900 1
277300 0
917200 1
663600 0
882200 1
596000 0
286700 1
245600 0
493000 1
209200 0
655100 1
915600 0
930300 1
961600 0
871200 1
315500 0
260200 1
539700 0
498100 1
396900 0
268000 1
186600 0
249700 1
895000 0
23600 1
322700 0
239600 1
266500 0
292900 1
766100 0
923100 1
19900 0
276300 1
666800 0
779800 1
749900 0
260500 1
54800 0
680500 1
19000 0
42900 1
252900 0
253100 1
132400 0
252400 1
594500 0
344400 1
377600 0
981100 1
63400 0
230800 1
810600 0
205900 1
596300 0
131600 1
540500 0
868800 1
970000 0
468800 1
139000 0
84600 1
876600 0
91600 1
270300 0
264900 1
590400 0
950600 1
269600 0
957700 1
721000 0
490500 1
874500 0
181900 1
63400 0
358800 1
667600 0
536700 1
837600 0
265200 1
200000 0
510800 1
567600 0
35800 1
766200 0
132400 1
143900 0
736400 1
874100 0
338500 1
894400 0
595800 1
144900 0
259700 1
520000 0
317800 1
356500 0
488900 1
656500 0
204200 1
130300 0
664800 1
34400 0
265300 1
757900 0
161200 1
743500 0
145300 1
97000 0
679800 1
3700 0
432300 1
394500 0
831200 1
255900 0
300800 1
520200 0
202800 1
473000 0
937900 1
372000 0
43600 1
485200 0
204800 1
819400 0
473400 1
660000 0
565600 1
167900 0
888700 1
354200 0
292400 1
329700 0
108800 1
851500 0
467200 1
41900 0
93300 1
729800 0
93500 1
655600 0
800200 1
842500 0
252100 1
459500 0
35400 1
528100 0
71900 1
11500 0
666200 1
987000 0
259500 1
978500 0
552300 1
252300 0
271700 1
131300 0
582900 1
620500 0
11300 1
140800 0
716900 1
211200 0
578500 1
52200 0
384100 1
712200 0
934500 1
695200 0
413700 1
340300 0
183400 1
171600 0
237400 1
882500 0
744200 1
396500 0
285300 1
710300 0
862100 1
996500 0
357600 1
852300 0
339800 1
423000 0
250800 1
185100 0
224800 1
952600 0
880100 1
247600 0
585300 1
522800 0
874700 1
987400 0
61500 1
947000 0
442600 1
683300 0
357600 1
471300 0
333200 1
644800 0
221100 1
915800 0
762100 1
142300 0
392800 1
696900 0
763900 1
516800 0
293700 1
541900 0
69500 1
394100 0
75600 1
753900 0
113800 1
148300 0
878500 1
291600 0
60600 1
35300 0
328600 1
489700 0
249100 1
822300 0
159200 1
731500 0
995800 1
39000 0
938000 1
491000 0
557300 1
97000 0
140000 1
647200 0
942000 1
44600 0
495800 1
559800 0
379300 1
473300 0
313300 1
968000 0
363700 1
294600 0
116400 1
120600 0
930800 1
187900 0
740400 1
121100 0
341800 1
975600 0
46300 1
428100 0
852000 1
73100 0
738800 1
147400 0
76900 1
40900 0
894000 1
95400 0
446500 1
987100 0
717800 1
448700 0
492000 1
333000 0
991900 1
148600 0
736000 1
32600 0
170800 1
87300 0
150500 1
17400 0
314400 1
888700 0
175700 1
222100 0
975900 1
222000 0
801700 1
916400 0
33000 1
977000 0
301500 1
480000 0
850400 1
506900 0
978300 1
320200 0
676900 1
387900 0
406700 1
190400 0
525100 1
861000 0
228500 1
215500 0
480900 1
222800 0
193400 1
171000 0
109100 1
322000 0
680800 1
328900 0
987400 1
475400 0
509100 1
367600 0
27700 1
582100 0
343700 1
607200 0
220100 1
840100 0
163800 1
580500 0
272300 1
300800 0
160900 1
744100 0
324400 1
871800 0
246800 1
84400 0
294200 1
52900 0
378100 1
53700 0
456600 1
291900 0
196400 1
277100 0
673700 1
387100 0
664900 1
153700 0
862500 1
14100 0
278300 1
929600 0
994500 1
263800 0
1200 1
771300 0
391600 1
985400 0
958600 1
52400 0
350700 1
473100 0
278800 1
620800 0
418700 1
378800 0
835500 1
662000 0
72300 1
23200 0
71900 1
229600 0
140600 1
237000 0
893000 1
232900 0
976400 1
124800 0
218900 1
696900 0
68800 1
744900 0
489200 1
444500 0
599700 1
570900 0
652800 1
424200 0
167700 1
268700 0
525200 1
868100 0
160000 1
283600 0
177700 1
87200 0
771100 1
526800 0
932400 1
10900 0
252900 1
692800 0
331300 1
68200 0
998700 1
115400 0
217300 1
886600 0
212000 1
89900 0
104400 1
599700 0
245800 1
44900 0
757900 1
959900 0
7500 1
796300 0
119500 1
47600 0
370700 1
386400 0
7100 1
854500 0
90100 1
90200 0
576600 1
918400 0
212500 1
18500 0
21900 1
728000 0
229500 1
173300 0
606900 1
764100 0
34300 1
500000 0
48000 1
105700 0
6300 1
256000 0
562000 1
833500 0
176500 1
68500 0
998300 1
912500 0
240200 1
710400 0
388700 1
665900 0
30700 1
118600 0
359200 1
904600 0
902100 1
570600 0
998900 1
618100 0
84100 1
719300 0
405800 1
199200 0
965400 1
787500 0
268100 1
171800 0
732400 1
36600 0
792700 1
549300 0
336700 1
49700 0
687500 1
686700 0
708100 1
309000 0
400900 1
174300 0
432400 1
778500 0
398700 1
47100 0
631500 1
499700 0
142400 1
12200 0
199600 1
19600 0
371000 1
593900 0
931800 1
271300 0
654000 1
32200 0
873000 1
427000 0
545700 1
29100 0
651300 1
653600 0
32000 1
657700 0
841200 1
629500 0
485700 1
956600 0
174800 1
456800 0
128900 1
928900 0
1200 1
169400 0
19200 1
311500 0
955500 1
201000 0
136400 1
813600 0
883800 1
393800 0
515400 1
530300 0
237800 1
946100 0
148900 1
985800 0
527100 1
547700 0
791400 1
711300 0
86700 1
940300 0
192000 1
210400 0
87900 1
263400 0
288400 1
737800 0
506300 1
54900 0
718100 1
838600 0
847500 1
47200 0
591600 1
622500 0
410800 1
990800 0
76800 1
245600 0
876300 1
567000 0
844200 1
64400 0
960700 1
82800 0
270400 1
33100 0
765600 1
760300 0
880800 1
625300 0
13300 1
493000 0
301700 1
350100 0
611800 1
241000 0
167600 1
28800 0
119700 1
191900 0
944000 1
329400 0
724800 1
596400 0
725000 1
649100 0
545700 1
757000 0
71600 1
317800 0
307500 1
207500 0
969200 1
866300 0
523300 1
518200 0
887600 1
822100 0
564800 1
613700 0
575400 1
858100 0
35900 1
451900 0
324600 1
258300 0
521400 1
496300 0
16800 1
103400 0
413900 1
394500 0
520600 1
105000 0
648600 1
198800 0
942400 1
949900 0
432400 1
737200 0
530900 1
884300 0
310800 1
799000 0
176400 1
335400 0
128600 1
325000 0
229000 1
770400 0
197200 1
143400 0
305900 1
958700 0
452000 1
422000 0
118000 1
759500 0
31800 1
828900 0
146100 1
728100 0
75100 1
669800 0
69500 1
119100 0
793600 1
151300 0
296200 1
803800 0
820500 1
226400 0
984500 1
224600 0
14000 1
469000 0
897100 1
415500 0
109600 1
590300 0
328800 1
63300 0
537600 1
536000 0
447900 1
586900 0
511900 1
710700 0
462200 1
428300 0
90500 1
630800 0
693700 1
266100 0
152800 1
610000 0
43400 1
993500 0
224800 1
524300 0
156400 1
260800 0
942900 1
96700 0
132800 1
905000 0
224600 1
717100 0
53200 1
575000 0
414100 1
146700 0
415000 1
492600 0
362000 1
906600 0
810100 1
244500 0
151400 1
357500 0
453100 1
106100 0
707600 1
182400 0
787600 1
211900 0
152600 1
332000 0
34600 1
359800 0
566300 1
109500 0
731400 1
379700 0
581000 1
65000 0
958800 1
579000 0
915300 1
412300 0
721500 1
980100 0
192400 1
296200 0
348700 1
327700 0
421600 1
121700 0
82600 1
78100 0
172300 1
226100 0
11600 1
793000 0
690800 1
852900 0
155700 1
282100 0
825000 1
40600 0
566500 1
283200 0
972300 1
242100 0
62300 1
703000 0
779800 1
131500 0
987700 1
448600 0
800600 1
649200 0
760100 1
266300 0
864200 1
681900 0
41100 1
7900 0
323600 1
62900 0
477500 1
428600 0
1900 1
184900 0
122200 1
956100 0
779700 1
624300 0
869000 1
973000 0
154000 1
584800 0
415200 1
460500 0
41800 1
856100 0
682500 1
894200 0
819100 1
400400 0
263500 1
828300 0
191800 1
473100 0
603000 1
269500 0
449600 1
222500 0
248700 1
258200 0
721900 1
581700 0
609200 1
129600 0
931600 1
935400 0
975700 1
658000 0
852000 1
186300 0
344600 1
274600 0
797500 1
37600 0
43800 1
671900 0
947900 1
650600 0
992900 1
251100 0
47100 1
450400 0
337600 1
93600 0
515100 1
341000 0
994100 1
576000 0
158800 1
471200 0
654700 1
957700 0
407800 1
160400 0
273300 1
236200 0
835000 1
229600 0
146600 1
868300 0
948500 1
468400 0
758500 1
310300 0
32600 1
365900 0
902100 1
322200 0
52700 1
904100 0
168900 1
372300 0
688800 1
948500 0
359900 1
844200 0
1300 1
666400 0
165400 1
336500 0
717800 1
777300 0
266000 1
754400 0
181700 1
496500 0
838300 1
578900 0
69000 1
535300 0
107700 1
188400 0
418600 1
222600 0
690400 1
507500 0
559400 1
902800 0
153600 1
181300 0
16500 1
495300 0
696900 1
553200 0
524500 1
290900 0
238600 1
472100 0
42300 1
301800 0
409600 1
635000 0
452200 1
836800 0
28800 1
24900 0
239200 1
601200 0
200500 1
693400 0
989100 1
955100 0
514000 1
928900 0
154000 1
235800 0
343600 1
868600 0
189200 1
273400 0
240900 1
103000 0
674700 1
313700 0
731300 1
765600 0
945900 1
913900 0
531000 1
857100 0
325600 1
951800 0
299400 1
545400 0
765700 1
193600 0
183700 1
715400 0
164800 1
274900 0
714400 1
178400 0
383300 1
131300 0
606700 1
61100 0
973500 1
816200 0
161400 1
612100 0
546000 1
758200 0
97100 1
187000 0
913900 1
380200 0
868400 1
607500 0
73800 1
144000 0
496100 1
491100 0
543300 1
271900 0
338200 1
153300 0
447500 1
775500 0
481300 1
50900 0
564100 1
274200 0
91100 1
948700 0
123000 1
276600 0
625200 1
951800 0
872100 1
619400 0
151400 1
807300 0
345100 1
957700 0
558600 1
862200 0
24700 1
419600 0
170300 1
712100 0
685200 1
489200 0
800900 1
344500 0
727000 1
876100 0
191300 1
977100 0
516200 1
340100 0
290500 1
647500 0
161600 1
17100 0
92300 1
320300 0
352100 1
871200 0
683900 1
993500 0
648500 1
490300 0
3500 1
523700 0
270400 1
287600 0
812500 1
498100 0
847000 1
551500 0
822800 1
824300 0
206900 1
980300 0
849200 1
664200 0
200200 1
928200 0
558800 1
625700 0
368500 1
844100 0
962300 1
716600 0
884100 1
962700 0
980000 1
94900 0
376300 1
177300 0
58000 1
844500 0
94700 1
989400 0
689200 1
393100 0
233200 1
870800 0
87600 1
103500 0
666000 1
272000 0
245200 1
991500 0
193100 1
175900 0
47900 1
78200 0
100200 1
314400 0
227400 1
812900 0
258800 1
616300 0
188400 1
365400 0
152400 1
18000 0
176000 1
468100 0
150600 1
429400 0
512500 1
20100 0
87300 1
923200 0
800300 1
443000 0
582000 1
377100 0
556700 1
197100 0
995200 1
40100 0
494800 1
337500 0
209000 1
777800 0
87000 1
140500 0
902100 1
425100 0
430600 1
742500 0
348900 1
628600 0
381000 1
24100 0
604000 1
5100 0
515800 1
904300 0
523300 1
181700 0
431000 1
458300 0
218100 1
138700 0
255800 1
338100 0
920100 1
649500 0
845600 1
736400 0
510600 1
931800 0
91500 1
950200 0
903800 1
956200 0
780500 1
26800 0
43400 1
404400 0
101900 1
677800 0
728900 1
675200 0
758700 1
86100 0
876000 1
112600 0
754200 1
405800 0
136400 1
346100 0
424400 1
365100 0
916800 1
16000 0
431000 1
421000 0
69600 1
211500 0
511900 1
251100 0
936700 1
625200 0
571100 1
619700 0
87600 1
451900 0
144900 1
649800 0
630900 1
486100 0
499000 1
510100 0
475600 1
865000 0
600900 1
777500 0
453600 1
495700 0
19900 1
113900 0
679100 1
693600 0
288500 1
306100 0
866400 1
528800 0
41000 1
691200 0
423900 1
787700 0
833000 1
685200 0
847500 1
163400 0
804400 1
179500 0
660900 1
479300 0
403600 1
688400 0
501700 1
625900 0
876700 1
648600 0
863200 1
686700 0
962900 1
56100 0
113300 1
731700 0
7800 1
30800 0
179300 1
880000 0
361000 1
35600 0
742100 1
949300 0
513800 1
260800 0
625800 1
558600 0
82000 1
215300 0
700500 1
571300 0
552400 1
77200 0
665200 1
806200 0
568000 1
231100 0
178200 1
191000 0
507800 1
973200 0
782100 1
381100 0
934300 1
701700 0
630300 1
785800 0
60600 1
623000 0
17300 1
572400 0
672200 1
952200 0
82100 1
635200 0
90300 1
92200 0
744800 1
9500 0
618600 1
738200 0
348000 1
135000 0
567000 1
340800 0
791900 1
462400 0
864300 1
154500 0
