6000 1
455300 0
569200 1
822900 0
850100 1
887400 0
48800 1
791200 0
99200 1
600000 0
137600 1
860100 0
630100 1
344600 0
970800 1
242200 0
304400 1
608300 0
460700 1
305500 0
700200 1
599400 0
727300 1
763300 0
632200 1
674300 0
503900 1
551600 0
189400 1
537500 0
283400 1
359300 0
86600 1
47500 0
43000 1
191500 0
178800 1
548000 0
178900 1
50000 0
500000 1
146300 0
260400 1
52900 0
318000 1
533200 0
480100 1
484100 0
140000 1
32100 0
446100 1
284100 0
623300 1
751300 0
213000 1
505300 0
323900 1
627200 0
896400 1
399900 0
295900 1
894900 0
57800 1
758500 0
790100 1
223200 0
484400 1
221200 0
442500 1
223900 0
516400 1
341100 0
671600 1
40200 0
748100 1
433700 0
347400 1
617200 0
446400 1
434200 0
229800 1
411400 0
621900 1
425800 0
195400 1
190600 0
401400 1
361700 0
184100 1
789000 0
265200 1
695200 0
971800 1
264600 0
785600 1
870200 0
976600 1
115700 0
219700 1
260700 0
69300 1
666500 0
876800 1
124300 0
84600 1
936800 0
388500 1
366800 0
856700 1
642900 0
680600 1
738900 0
878300 1
549000 0
122100 1
505300 0
464300 1
186900 0
43900 1
899300 0
819200 1
156000 0
726300 1
37300 0
549300 1
611000 0
685700 1
18700 0
305000 1
178400 0
690400 1
149600 0
365500 1
48100 0
657100 1
38800 0
799200 1
76100 0
670600 1
551400 0
424700 1
189900 0
502800 1
934700 0
325400 1
224000 0
91300 1
796500 0
731200 1
75300 0
729900 1
110300 0
237000 1
336900 0
356900 1
692500 0
541400 1
533500 0
510800 1
45300 0
726400 1
71400 0
96800 1
483400 0
206200 1
673200 0
625300 1
341900 0
197700 1
608000 0
83600 1
1900 0
684500 1
696100 0
445700 1
486500 0
761600 1
24900 0
307600 1
531800 0
71500 1
5500 0
96300 1
251900 0
887100 1
778600 0
51700 1
851900 0
763800 1
161600 0
615400 1
373500 0
310400 1
989800 0
139500 1
383300 0
483200 1
792600 0
491800 1
809400 0
408000 1
640300 0
333500 1
635900 0
863000 1
811800 0
547500 1
425100 0
394800 1
354300 0
874500 1
68300 0
675800 1
48800 0
516100 1
900700 0
46600 1
968100 0
312600 1
778400 0
109300 1
164800 0
852800 1
911800 0
261200 1
823100 0
412100 1
811400 0
101400 1
582200 0
925800 1
861600 0
384500 1
450100 0
11600 1
232500 0
383200 1
733600 0
25500 1
161300 0
373300 1
660800 0
802900 1
528700 0
777900 1
527500 0
127300 1
222700 0
748900 1
171200 0
458600 1
778200 0
208800 1
149000 0
966500 1
978000 0
776100 1
343600 0
933200 1
103000 0
279900 1
951900 0
479900 1
195200 0
592900 1
750900 0
681800 1
895500 0
126600 1
755000 0
189200 1
449200 0
269400 1
414300 0
784800 1
695700 0
957300 1
632100 0
113800 1
946100 0
523600 1
43700 0
740600 1
370500 0
638600 1
28100 0
452300 1
202700 0
839300 1
88900 0
919800 1
81300 0
409000 1
612300 0
766400 1
780700 0
226500 1
892700 0
555900 1
649400 0
736300 1
654500 0
131800 1
627100 0
867300 1
86600 0
989100 1
636000 0
757400 1
654200 0
397000 1
401900 0
467100 1
182100 0
507900 1
921200 0
975300 1
920500 0
890900 1
206700 0
339200 1
822900 0
761700 1
44100 0
538000 1
318600 0
636000 1
80600 0
185700 1
86600 0
437300 1
205900 0
730700 1
472200 0
833200 1
967700 0
438800 1
359400 0
570700 1
665000 0
505000 1
163800 0
116100 1
494500 0
361800 1
18900 0
432300 1
758300 0
672600 1
750300 0
521300 1
680900 0
375700 1
798100 0
680300 1
390100 0
597200 1
861700 0
629000 1
701800 0
512600 1
188100 0
414400 1
815000 0
587800 1
683200 0
195200 1
846500 0
71700 1
728800 0
238200 1
276400 0
913600 1
838200 0
361600 1
747900 0
114800 1
251000 0
704300 1
489400 0
681500 1
309900 0
147600 1
476800 0
9100 1
45000 0
413900 1
435300 0
880500 1
945300 0
77200 1
812900 0
349200 1
35300 0
792100 1
550900 0
260200 1
216200 0
555200 1
272800 0
403200 1
590600 0
124000 1
925300 0
719800 1
125800 0
568300 1
107600 0
54000 1
348200 0
893200 1
208000 0
101100 1
713200 0
241400 1
624900 0
613000 1
318300 0
251500 1
784400 0
486900 1
853900 0
166000 1
407000 0
459500 1
879400 0
86500 1
767500 0
755300 1
478600 0
430800 1
339600 0
574000 1
248100 0
14400 1
210900 0
375600 1
280500 0
391900 1
636400 0
457700 1
966400 0
514100 1
980300 0
562800 1
973100 0
847600 1
482000 0
880300 1
235800 0
878400 1
526400 0
981300 1
203400 0
896000 1
98900 0
993000 1
945100 0
898600 1
886900 0
503100 1
845900 0
984300 1
233800 0
282600 1
879000 0
112800 1
257800 0
481600 1
254600 0
518900 1
360000 0
278300 1
168300 0
724200 1
253000 0
245900 1
640300 0
960900 1
344700 0
500600 1
681200 0
65700 1
72000 0
875000 1
772500 0
43500 1
942800 0
228600 1
472300 0
549400 1
161200 0
491700 1
966900 0
548200 1
491600 0
550500 1
780000 0
12400 1
711900 0
191600 1
205200 0
273100 1
197600 0
418500 1
901000 0
582500 1
858900 0
968100 1
289900 0
241900 1
954000 0
589500 1
350800 0
250500 1
355500 0
221700 1
330200 0
451800 1
793700 0
932100 1
462700 0
768500 1
591500 0
324100 1
37800 0
195600 1
797400 0
908900 1
828400 0
540100 1
230500 0
955700 1
222600 0
664200 1
250300 0
783200 1
114100 0
613200 1
449700 0
397900 1
20100 0
333000 1
36600 0
925900 1
780400 0
307200 1
769800 0
324900 1
376400 0
137800 1
63200 0
124800 1
684600 0
923800 1
686100 0
578900 1
666400 0
702000 1
824400 0
498400 1
308600 0
367200 1
272900 0
246800 1
256000 0
297100 1
888500 0
579900 1
173500 0
657700 1
49300 0
516500 1
80700 0
26500 1
932500 0
708000 1
701200 0
393300 1
221100 0
25700 1
676000 0
156000 1
316200 0
642000 1
776500 0
988800 1
584500 0
675600 1
707300 0
875700 1
947300 0
528300 1
522300 0
557600 1
774000 0
23700 1
526200 0
669600 1
625000 0
12100 1
597800 0
645800 1
594800 0
991000 1
30500 0
217400 1
431000 0
389500 1
965300 0
736600 1
955800 0
940200 1
940100 0
896800 1
613000 0
116300 1
74100 0
812300 1
69700 0
49800 1
808800 0
788300 1
447200 0
107300 1
190300 0
154600 1
711600 0
763600 1
992500 0
163400 1
59500 0
727600 1
709900 0
601900 1
372300 0
228700 1
522000 0
371600 1
850400 0
384500 1
292100 0
875500 1
823300 0
166600 1
930900 0
784900 1
686700 0
492500 1
930100 0
84000 1
933400 0
240700 1
271700 0
633600 1
741100 0
467700 1
1400 0
618300 1
511700 0
84800 1
748500 0
736500 1
83000 0
241700 1
463200 0
99100 1
456600 0
373200 1
299700 0
705100 1
441100 0
53900 1
351700 0
37600 1
406500 0
874500 1
791600 0
389500 1
307500 0
294900 1
193600 0
450000 1
310700 0
889200 1
139500 0
668500 1
567800 0
363000 1
137400 0
323700 1
180700 0
381000 1
935700 0
838600 1
631400 0
983600 1
123900 0
484800 1
197500 0
787600 1
445000 0
534900 1
792500 0
122100 1
959800 0
21400 1
391800 0
724400 1
480800 0
278300 1
678800 0
376200 1
540300 0
794800 1
792500 0
554100 1
232200 0
356100 1
381200 0
30800 1
968200 0
660500 1
837300 0
434500 1
794800 0
337600 1
337500 0
519000 1
965300 0
806500 1
994600 0
167200 1
981400 0
563100 1
655500 0
823300 1
834200 0
171100 1
349900 0
596400 1
734000 0
752500 1
946300 0
830600 1
666300 0
256800 1
395600 0
417500 1
131300 0
1900 1
377400 0
1400 1
619700 0
441200 1
954500 0
551800 1
116100 0
809600 1
9100 0
49700 1
478300 0
228500 1
578600 0
853500 1
129900 0
160400 1
521200 0
264200 1
505400 0
232100 1
508900 0
76500 1
50800 0
66800 1
5600 0
813600 1
71100 0
452700 1
602100 0
771500 1
543000 0
263300 1
204400 0
268800 1
242400 0
350800 1
336800 0
354000 1
813600 0
214600 1
538700 0
269400 1
858900 0
95500 1
918500 0
114900 1
228900 0
262600 1
357700 0
875000 1
939100 0
380200 1
107300 0
1300 1
944100 0
265300 1
342600 0
605000 1
559300 0
866400 1
337300 0
570400 1
43800 0
698400 1
748200 0
500100 1
450300 0
532000 1
393600 0
217800 1
952400 0
373900 1
506800 0
91200 1
24800 0
750700 1
290600 0
694200 1
39200 0
699900 1
123100 0
557700 1
167300 0
908500 1
141600 0
693600 1
541300 0
664700 1
311200 0
832400 1
932700 0
149200 1
431400 0
55800 1
145700 0
54300 1
929000 0
743400 1
356700 0
342200 1
396200 0
977000 1
103200 0
208800 1
762100 0
99100 1
420000 0
9700 1
754900 0
652300 1
469600 0
197800 1
959900 0
703600 1
57600 0
992700 1
172900 0
291300 1
430800 0
748200 1
807900 0
814200 1
49700 0
481100 1
774800 0
983300 1
325300 0
475500 1
701600 0
176700 1
55600 0
591400 1
538700 0
255900 1
366500 0
62800 1
885900 0
19500 1
52900 0
743600 1
639600 0
547100 1
396100 0
25200 1
410400 0
231500 1
371600 0
417700 1
522200 0
528800 1
966900 0
473700 1
784400 0
824100 1
191000 0
962600 1
289400 0
887600 1
832100 0
385700 1
44800 0
606800 1
82500 0
232000 1
267400 0
874400 1
476500 0
579800 1
849500 0
150800 1
209800 0
151900 1
248100 0
187400 1
649300 0
816300 1
195700 0
52600 1
217100 0
340700 1
830700 0
774800 1
773700 0
45000 1
725500 0
982700 1
326200 0
30500 1
356800 0
130800 1
200900 0
879800 1
777900 0
208500 1
824900 0
874200 1
656000 0
257100 1
358100 0
472600 1
839700 0
328200 1
722700 0
203500 1
312900 0
172600 1
550400 0
318700 1
31300 0
773800 1
127200 0
797700 1
166700 0
294300 1
138400 0
140900 1
604100 0
919300 1
213300 0
146500 1
368900 0
341600 1
113000 0
15100 1
272400 0
280600 1
875700 0
387300 1
237200 0
280000 1
615800 0
516300 1
63700 0
576700 1
179000 0
863100 1
69600 0
496100 1
774700 0
484800 1
60000 0
405700 1
418800 0
309000 1
671800 0
900100 1
135300 0
701200 1
14300 0
558600 1
766700 0
58500 1
70600 0
750700 1
312600 0
439900 1
971600 0
399400 1
184200 0
658600 1
888500 0
42900 1
125800 0
116300 1
97400 0
36900 1
413300 0
383000 1
842800 0
789400 1
778600 0
145900 1
93200 0
864400 1
863800 0
23000 1
709200 0
506400 1
250200 0
862000 1
208200 0
225000 1
132900 0
756400 1
690600 0
584500 1
284800 0
830500 1
877000 0
729200 1
357600 0
135500 1
834200 0
133200 1
236200 0
153600 1
214500 0
831100 1
242800 0
970700 1
74700 0
333200 1
210000 0
817900 1
988500 0
81000 1
873000 0
722400 1
284400 0
588700 1
892800 0
33100 1
771900 0
234700 1
265900 0
943400 1
670100 0
130400 1
989300 0
879700 1
383600 0
104500 1
86300 0
115500 1
969800 0
735600 1
805000 0
201200 1
185800 0
212400 1
61300 0
182600 1
677700 0
441700 1
177600 0
59200 1
198200 0
480800 1
539000 0
647500 1
567200 0
807700 1
564700 0
309100 1
838200 0
167400 1
632000 0
787300 1
147500 0
765400 1
837700 0
318000 1
916600 0
579800 1
261600 0
5700 1
20700 0
582900 1
745400 0
767700 1
396000 0
663600 1
231600 0
778200 1
944700 0
111100 1
789700 0
862500 1
599600 0
516000 1
948000 0
20900 1
155600 0
270300 1
513800 0
204400 1
263000 0
366600 1
474500 0
130100 1
513600 0
684700 1
571200 0
236200 1
534900 0
677600 1
930300 0
221600 1
156900 0
241800 1
119300 0
503500 1
947300 0
576200 1
184100 0
256400 1
859800 0
231600 1
91400 0
197800 1
18200 0
171000 1
448400 0
428400 1
922500 0
234400 1
471100 0
299200 1
785700 0
819300 1
234800 0
167100 1
583600 0
202000 1
729300 0
873300 1
930100 0
487000 1
209700 0
730300 1
482800 0
817100 1
599000 0
495100 1
961300 0
220700 1
145400 0
63000 1
308100 0
97800 1
183700 0
993500 1
43600 0
615400 1
349600 0
207100 1
42500 0
352200 1
207200 0
309700 1
287300 0
770400 1
545900 0
33100 1
526700 0
426600 1
803400 0
756600 1
83000 0
547900 1
432500 0
552700 1
352000 0
237000 1
733300 0
550900 1
943900 0
285000 1
380500 0
767500 1
840300 0
170200 1
418600 0
231500 1
816300 0
638500 1
190600 0
770800 1
182700 0
215700 1
165900 0
92400 1
995200 0
398400 1
375400 0
217500 1
730300 0
505400 1
462100 0
40600 1
927900 0
916400 1
695300 0
64900 1
351700 0
599500 1
707600 0
472400 1
436900 0
793300 1
329100 0
521300 1
370400 0
626900 1
262000 0
372100 1
446700 0
207100 1
730200 0
984700 1
754100 0
448900 1
556400 0
75700 1
168400 0
16900 1
845700 0
177000 1
132300 0
553600 1
807600 0
42300 1
365000 0
580500 1
687100 0
84100 1
338800 0
300900 1
635700 0
504600 1
435800 0
704700 1
117900 0
816100 1
226600 0
671600 1
369900 0
686800 1
227800 0
839400 1
476400 0
652300 1
970500 0
192200 1
911700 0
122200 1
579600 0
941900 1
47400 0
155700 1
132800 0
950500 1
795100 0
922400 1
839700 0
646100 1
231000 0
174000 1
357400 0
514900 1
673900 0
782500 1
122300 0
940600 1
330000 0
893900 1
229200 0
457000 1
507200 0
117800 1
746000 0
371200 1
304500 0
969800 1
238000 0
65700 1
993900 0
684500 1
158900 0
34400 1
459600 0
714600 1
297100 0
227900 1
438200 0
258300 1
112300 0
179100 1
489100 0
113100 1
658000 0
604700 1
499800 0
191500 1
700000 0
328000 1
395900 0
464000 1
812400 0
595200 1
592700 0
625400 1
22200 0
208500 1
813300 0
655000 1
92300 0
207100 1
68500 0
364700 1
371100 0
455400 1
562900 0
275600 1
783500 0
278900 1
468900 0
14900 1
840600 0
774900 1
843100 0
136700 1
139000 0
314300 1
662000 0
769200 1
293500 0
233300 1
635300 0
666800 1
262900 0
944700 1
667300 0
600200 1
141500 0
353500 1
568300 0
2900 1
200900 0
892900 1
195700 0
318000 1
269600 0
250300 1
69500 0
580700 1
829100 0
674900 1
195600 0
408600 1
657600 0
727900 1
758100 0
719700 1
697900 0
858400 1
870600 0
816300 1
785700 0
994200 1
182600 0
822900 1
340700 0
94500 1
589500 0
363800 1
13500 0
862100 1
188500 0
79400 1
154700 0
152300 1
793800 0
613000 1
933200 0
661600 1
631600 0
514100 1
109500 0
942600 1
531300 0
198000 1
136400 0
899500 1
943400 0
557600 1
541000 0
188600 1
274600 0
694800 1
922800 0
297000 1
35200 0
245500 1
529200 0
926400 1
909400 0
938100 1
189800 0
818800 1
317500 0
976000 1
709200 0
275600 1
147500 0
24600 1
152200 0
940700 1
967900 0
30400 1
192000 0
842400 1
127900 0
85700 1
490900 0
534700 1
12100 0
235900 1
802100 0
578300 1
851200 0
329200 1
393200 0
611500 1
588700 0
749500 1
520800 0
173500 1
155200 0
950500 1
630500 0
430400 1
936800 0
68900 1
562300 0
199800 1
351300 0
615500 1
427300 0
871000 1
73700 0
697900 1
46200 0
221700 1
782800 0
334500 1
247200 0
281200 1
321800 0
41000 1
605900 0
916700 1
994100 0
694300 1
884100 0
606000 1
134000 0
370100 1
705600 0
66800 1
404900 0
673600 1
72200 0
862000 1
99300 0
18800 1
12100 0
883100 1
720400 0
114800 1
48700 0
846700 1
4600 0
948900 1
33500 0
323300 1
936100 0
381900 1
68500 0
64100 1
196000 0
479300 1
842300 0
382500 1
800700 0
851100 1
689600 0
897400 1
464400 0
982900 1
826900 0
268900 1
512100 0
262300 1
959400 0
35500 1
630500 0
343500 1
873200 0
642900 1
762600 0
382300 1
416800 0
166600 1
148500 0
179800 1
891100 0
643300 1
616400 0
315200 1
928400 0
580800 1
754900 0
274600 1
523300 0
452200 1
464600 0
861600 1
328300 0
18000 1
711700 0
929900 1
528200 0
271000 1
219100 0
384000 1
219300 0
607000 1
795100 0
34700 1
471700 0
370200 1
68500 0
274900 1
689200 0
913300 1
678300 0
156600 1
679300 0
476000 1
892700 0
404200 1
646800 0
76600 1
740400 0
892400 1
187500 0
225000 1
364100 0
137300 1
520100 0
403400 1
778600 0
485000 1
842000 0
826100 1
860400 0
169700 1
683900 0
58000 1
310800 0
22300 1
131100 0
880600 1
891200 0
720800 1
932900 0
695100 1
843700 0
747700 1
596400 0
25100 1
855400 0
791600 1
525600 0
366600 1
730000 0
896200 1
95000 0
872600 1
963500 0
59700 1
964700 0
128500 1
856600 0
823900 1
263400 0
221500 1
887000 0
343700 1
761400 0
319800 1
654100 0
536900 1
28800 0
693400 1
259600 0
315400 1
358400 0
103700 1
877100 0
134100 1
58000 0
80000 1
910800 0
9500 1
429700 0
879100 1
355000 0
631000 1
429400 0
111600 1
173300 0
188400 1
139900 0
370100 1
39900 0
353800 1
512500 0
965600 1
102500 0
617700 1
622600 0
554800 1
643200 0
827400 1
462400 0
254900 1
978000 0
350500 1
897200 0
406700 1
87200 0
435600 1
634500 0
245800 1
796700 0
434800 1
721100 0
899900 1
560400 0
407600 1
376500 0
220200 1
990100 0
537800 1
86000 0
496700 1
258100 0
134700 1
714200 0
618500 1
202900 0
725200 1
839600 0
980600 1
276300 0
609800 1
418100 0
889900 1
317100 0
179100 1
328400 0
926100 1
151800 0
511500 1
202200 0
263100 1
55000 0
238700 1
525700 0
838900 1
162400 0
226300 1
376400 0
711500 1
209000 0
244500 1
74200 0
761100 1
188600 0
26200 1
994800 0
172000 1
307700 0
295600 1
592100 0
572300 1
830100 0
386500 1
97200 0
853500 1
925100 0
348900 1
276600 0
120900 1
683400 0
736700 1
605700 0
321100 1
50300 0
425600 1
962300 0
364800 1
226500 0
907700 1
96700 0
435200 1
892600 0
152100 1
150600 0
790900 1
538800 0
993700 1
567300 0
804100 1
112500 0
485200 1
788200 0
269100 1
6200 0
717400 1
208000 0
981300 1
690600 0
143400 1
904600 0
822600 1
63200 0
236300 1
897300 0
680500 1
719400 0
876200 1
886800 0
817900 1
966300 0
393900 1
749500 0
262300 1
972900 0
875900 1
276200 0
20000 1
155800 0
405300 1
660500 0
428700 1
889900 0
19200 1
975800 0
205300 1
536800 0
81300 1
9100 0
209700 1
188800 0
895100 1
512400 0
877000 1
842400 0
433600 1
106700 0
579200 1
854100 0
386700 1
224600 0
2500 1
123300 0
416100 1
867300 0
689700 1
998700 0
621000 1
461000 0
243800 1
169700 0
310800 1
671800 0
51300 1
741000 0
268800 1
921100 0
43700 1
128200 0
201700 1
860700 0
941400 1
519600 0
104600 1
321400 0
787500 1
141800 0
729300 1
477800 0
623800 1
815200 0
941800 1
419600 0
226200 1
555600 0
658600 1
111300 0
456700 1
549200 0
207000 1
104900 0
900900 1
141800 0
557800 1
553500 0
432900 1
172800 0
478300 1
942500 0
431400 1
100800 0
16900 1
289400 0
709100 1
167400 0
376300 1
249200 0
231200 1
787600 0
90000 1
574100 0
316000 1
165600 0
503500 1
688800 0
326700 1
2700 0
414600 1
101400 0
146200 1
14600 0
928300 1
488100 0
928000 1
872000 0
677800 1
577000 0
483700 1
536700 0
927000 1
901500 0
853100 1
141600 0
930700 1
527700 0
52600 1
560500 0
741300 1
440700 0
838400 1
406100 0
491400 1
323000 0
596500 1
421100 0
839500 1
424500 0
235000 1
123700 0
177600 1
565300 0
923600 1
422500 0
268900 1
785300 0
738900 1
827900 0
512500 1
908800 0
814500 1
824100 0
772800 1
509700 0
590400 1
175000 0
813800 1
541600 0
261400 1
161500 0
719900 1
250000 0
309000 1
899600 0
593800 1
20300 0
583400 1
40600 0
855600 1
35000 0
747000 1
304700 0
890000 1
210500 0
851600 1
108200 0
914700 1
128600 0
647100 1
339700 0
512700 1
921300 0
809700 1
877500 0
110600 1
402200 0
49100 1
461700 0
666500 1
229300 0
815100 1
337500 0
880800 1
686900 0
667100 1
837900 0
630900 1
625000 0
920200 1
937400 0
166900 1
573700 0
269500 1
48900 0
767800 1
300900 0
586600 1
228200 0
588600 1
675600 0
396100 1
12000 0
793200 1
681600 0
236600 1
660200 0
281300 1
414100 0
917200 1
654200 0
626900 1
368300 0
832300 1
29300 0
464000 1
54600 0
386200 1
871100 0
558100 1
402500 0
364600 1
687200 0
945300 1
109700 0
240900 1
975300 0
710500 1
486000 0
240700 1
709600 0
639900 1
942600 0
612100 1
330000 0
511000 1
857800 0
332300 1
34900 0
285700 1
456000 0
881800 1
199800 0
657400 1
919700 0
666300 1
170800 0
105800 1
762400 0
607600 1
676100 0
710700 1
431600 0
834000 1
503400 0
592800 1
761500 0
818600 1
603100 0
324100 1
354600 0
414200 1
189200 0
34100 1
219000 0
656200 1
98300 0
78500 1
838600 0
686200 1
973400 0
436000 1
446400 0
360200 1
554900 0
435800 1
888800 0
821300 1
154900 0
525700 1
21300 0
344500 1
893000 0
987500 1
201900 0
40100 1
280900 0
475700 1
96800 0
967200 1
285100 0
419900 1
679100 0
110400 1
646300 0
422700 1
37900 0
941100 1
428200 0
791300 1
392200 0
354200 1
410400 0
495300 1
490800 0
365600 1
394800 0
213100 1
907000 0
902400 1
662700 0
707900 1
582400 0
837900 1
214700 0
519700 1
942200 0
384100 1
463500 0
296400 1
530700 0
407600 1
724500 0
847600 1
980600 0
86000 1
971100 0
550900 1
694500 0
211400 1
132400 0
103300 1
712200 0
341400 1
194600 0
331400 1
502700 0
189500 1
683300 0
35900 1
745200 0
343400 1
968900 0
849900 1
106300 0
60500 1
174600 0
258600 1
612400 0
20100 1
636700 0
285100 1
891900 0
807300 1
145800 0
649200 1
924300 0
395800 1
107400 0
587100 1
81100 0
800900 1
627700 0
476600 1
400500 0
191700 1
822700 0
526500 1
687200 0
232100 1
6300 0
382600 1
917300 0
211300 1
974400 0
948200 1
835600 0
426400 1
742800 0
298800 1
574700 0
211600 1
615800 0
851700 1
928400 0
968500 1
988600 0
654700 1
119900 0
195500 1
26400 0
267500 1
613000 0
781300 1
930400 0
788600 1
562300 0
404500 1
177900 0
532300 1
59200 0
368100 1
113700 0
664800 1
557400 0
86200 1
268500 0
207800 1
43900 0
930400 1
664300 0
612100 1
738700 0
595900 1
913800 0
340800 1
176400 0
146600 1
207400 0
125000 1
770900 0
947200 1
519600 0
690000 1
498300 0
218800 1
905200 0
37900 1
317000 0
866100 1
988200 0
124600 1
824900 0
63800 1
83100 0
547400 1
599900 0
30700 1
64900 0
418500 1
13300 0
982700 1
209500 0
772400 1
879200 0
127700 1
222600 0
702800 1
587800 0
65600 1
739500 0
855900 1
838100 0
13400 1
80800 0
265900 1
947700 0
474200 1
572800 0
636500 1
117900 0
441500 1
304200 0
226900 1
937200 0
604600 1
794500 0
272700 1
562300 0
909300 1
13000 0
735700 1
352300 0
358900 1
45800 0
150100 1
586600 0
136400 1
178300 0
468700 1
800400 0
812700 1
158700 0
124000 1
725300 0
166200 1
193000 0
626200 1
742800 0
808800 1
3800 0
748400 1
671300 0
682600 1
36400 0
250100 1
427700 0
849800 1
7300 0
917900 1
915200 0
861800 1
922200 0
172100 1
71900 0
888500 1
558600 0
994800 1
317100 0
993700 1
197100 0
458400 1
406700 0
472700 1
770700 0
682100 1
696100 0
818000 1
57500 0
989800 1
538800 0
178400 1
382400 0
445300 1
672000 0
24500 1
725900 0
935000 1
830800 0
619900 1
988300 0
883000 1
945200 0
598100 1
263100 0
173300 1
547800 0
225300 1
907100 0
731700 1
637300 0
460800 1
520900 0
539100 1
127500 0
160400 1
672400 0
232600 1
66400 0
812500 1
417600 0
836200 1
219600 0
772000 1
507900 0
538200 1
933000 0
910800 1
556800 0
295700 1
305800 0
108600 1
298000 0
493800 1
943900 0
456000 1
816900 0
135000 1
85000 0
455200 1
868500 0
23000 1
258200 0
64900 1
888400 0
352000 1
532200 0
541400 1
241900 0
609400 1
694800 0
93100 1
101700 0
759700 1
69200 0
248200 1
292900 0
891500 1
415200 0
697700 1
908900 0
218200 1
51900 0
245500 1
101800 0
315400 1
229400 0
642100 1
431900 0
815600 1
156100 0
403400 1
282300 0
398200 1
408600 0
212000 1
847600 0
278300 1
99200 0
765700 1
368700 0
527200 1
798200 0
257600 1
386700 0
224200 1
431400 0
293000 1
72200 0
946200 1
91200 0
900400 1
276400 0
483400 1
370800 0
162800 1
86500 0
46100 1
65100 0
200700 1
336400 0
655300 1
828000 0
527200 1
775500 0
266300 1
773400 0
551300 1
328300 0
25600 1
640400 0
201600 1
777000 0
86900 1
392400 0
630400 1
245500 0
539500 1
487800 0
540400 1
384500 0
476800 1
386900 0
535100 1
886100 0
523500 1
435600 0
154200 1
525800 0
93800 1
752300 0
492500 1
395900 0
761500 1
377700 0
881100 1
457100 0
894400 1
254100 0
691700 1
183100 0
629900 1
795100 0
199700 1
551700 0
133900 1
403900 0
57500 1
933100 0
166800 1
808700 0
236600 1
975500 0
708600 1
853900 0
992000 1
992100 0
564500 1
325100 0
374200 1
561200 0
213500 1
272200 0
864200 1
608500 0
402200 1
951300 0
866900 1
284800 0
139500 1
24000 0
835900 1
508900 0
817800 1
886900 0
981500 1
543600 0
73800 1
893900 0
792200 1
555700 0
477400 1
777700 0
965000 1
269400 0
155500 1
823900 0
575200 1
409400 0
400300 1
226900 0
576300 1
299800 0
741100 1
476200 0
82100 1
85900 0
838300 1
556900 0
583900 1
950600 0
651900 1
506400 0
629900 1
615400 0
377600 1
831600 0
620300 1
212300 0
361400 1
396700 0
182000 1
370500 0
583600 1
245600 0
878900 1
987300 0
937100 1
623300 0
199100 1
859600 0
70800 1
597900 0
466300 1
109900 0
69400 1
634900 0
611800 1
753100 0
169900 1
531000 0
340500 1
364600 0
274100 1
117000 0
165800 1
5900 0
19500 1
374600 0
575900 1
151600 0
923800 1
315000 0
622000 1
217800 0
704000 1
690300 0
223000 1
683800 0
599200 1
684900 0
199800 1
711500 0
712700 1
983300 0
137900 1
668400 0
472600 1
133100 0
968100 1
164800 0
929100 1
900400 0
744600 1
333900 0
352600 1
145500 0
827000 1
891800 0
56100 1
980300 0
407100 1
260300 0
624100 1
373300 0
570000 1
676800 0
209500 1
58400 0
991500 1
420100 0
58800 1
601500 0
992100 1
669600 0
100900 1
608300 0
11000 1
64900 0
42600 1
363800 0
946200 1
71500 0
853500 1
914100 0
193500 1
326500 0
848000 1
379600 0
355000 1
187000 0
578600 1
384000 0
121600 1
979600 0
529100 1
798300 0
485400 1
219900 0
854100 1
209500 0
342000 1
159700 0
121600 1
453300 0
598600 1
374500 0
725100 1
737100 0
574900 1
476800 0
364800 1
902300 0
736400 1
294200 0
171300 1
576400 0
660800 1
446000 0
821900 1
311400 0
825400 1
730300 0
52100 1
750900 0
243400 1
848500 0
65700 1
261100 0
731600 1
468500 0
442900 1
175800 0
122600 1
840800 0
966200 1
944100 0
449900 1
230300 0
179100 1
696100 0
733000 1
22800 0
602800 1
873800 0
885500 1
94800 0
602700 1
997300 0
710800 1
971700 0
265000 1
175100 0
255900 1
797000 0
77600 1
38100 0
92100 1
227000 0
240500 1
296300 0
420400 1
236200 0
660200 1
465800 0
933200 1
140200 0
113600 1
95700 0
518300 1
241000 0
417600 1
855900 0
58800 1
284100 0
692400 1
123100 0
911000 1
776600 0
155900 1
175000 0
380100 1
117600 0
386900 1
624900 0
76700 1
303300 0
863700 1
297100 0
792600 1
88100 0
543300 1
757300 0
264000 1
510400 0
335300 1
879000 0
565500 1
272600 0
2000 1
723000 0
309600 1
168900 0
92800 1
313100 0
973800 1
856300 0
797500 1
581300 0
154300 1
913700 0
617800 1
810400 0
926100 1
444400 0
585100 1
710800 0
275700 1
286300 0
714200 1
363500 0
79700 1
907300 0
697900 1
629800 0
683100 1
453700 0
35400 1
142700 0
78500 1
942300 0
49000 1
476600 0
219100 1
837000 0
899600 1
5200 0
706500 1
832500 0
515600 1
248800 0
385600 1
915600 0
51300 1
42700 0
950300 1
391400 0
103500 1
933300 0
462100 1
310300 0
676200 1
901500 0
972900 1
804800 0
202400 1
761100 0
747800 1
17400 0
368900 1
938400 0
820100 1
908500 0
335600 1
445000 0
205200 1
743600 0
17300 1
490200 0
620700 1
213900 0
419700 1
321000 0
962000 1
460400 0
499200 1
741000 0
641700 1
731300 0
527200 1
599500 0
913000 1
980500 0
524400 1
658800 0
200700 1
745300 0
277700 1
648700 0
17300 1
447400 0
358900 1
193500 0
217000 1
262000 0
182400 1
188500 0
861200 1
861400 0
38600 1
362500 0
461700 1
379200 0
297100 1
85200 0
718300 1
820600 0
758600 1
423400 0
977400 1
207500 0
357000 1
415900 0
510400 1
942000 0
980200 1
274800 0
938300 1
866800 0
245400 1
328100 0
98300 1
119600 0
511900 1
548300 0
838800 1
866000 0
729700 1
479600 0
844500 1
707100 0
561300 1
796800 0
840900 1
212400 0
875800 1
71900 0
914700 1
834100 0
533400 1
540800 0
325200 1
979600 0
444300 1
368200 0
470100 1
39600 0
736600 1
571400 0
841800 1
122200 0
177800 1
748400 0
421500 1
19800 0
664700 1
745000 0
412300 1
444200 0
956500 1
643400 0
975500 1
672800 0
77200 1
76400 0
455700 1
832000 0
373700 1
769800 0
454400 1
573000 0
584900 1
565700 0
82100 1
874100 0
88900 1
993300 0
982300 1
419400 0
648100 1
917500 0
476200 1
118500 0
75700 1
610400 0
135400 1
106000 0
244600 1
932200 0
375400 1
160500 0
945100 1
540400 0
577300 1
559200 0
791900 1
699600 0
108900 1
268800 0
419100 1
216000 0
590100 1
413000 0
169100 1
169700 0
241700 1
319300 0
399200 1
185000 0
180700 1
269900 0
745700 1
206600 0
227900 1
146700 0
726400 1
381500 0
357600 1
294900 0
862100 1
337100 0
333800 1
454100 0
82700 1
920700 0
598700 1
43200 0
358400 1
279200 0
789100 1
304500 0
615100 1
999400 0
120900 1
62700 0
653300 1
72500 0
16200 1
793000 0
222600 1
755400 0
864300 1
268200 0
438800 1
236000 0
639000 1
287000 0
465200 1
166400 0
381200 1
321800 0
163200 1
567200 0
840400 1
612400 0
164900 1
530900 0
952800 1
652200 0
653400 1
722900 0
221800 1
874600 0
360900 1
83400 0
287400 1
31700 0
930300 1
345000 0
871700 1
643400 0
649400 1
589200 0
774600 1
356200 0
209100 1
354500 0
249800 1
231600 0
444800 1
142400 0
79000 1
644800 0
996500 1
358600 0
713800 1
981900 0
705800 1
172400 0
476800 1
918000 0
978800 1
11500 0
874300 1
705100 0
840400 1
952800 0
206800 1
615400 0
810400 1
286900 0
49000 1
464200 0
296900 1
440300 0
973400 1
284400 0
973000 1
234200 0
207000 1
223100 0
427000 1
186600 0
765800 1
780500 0
146300 1
474300 0
583700 1
46300 0
409400 1
422100 0
998900 1
236800 0
230000 1
866100 0
862700 1
146200 0
375900 1
876400 0
514400 1
185100 0
709900 1
324300 0
5700 1
672000 0
153600 1
914300 0
985200 1
884300 0
300600 1
940200 0
499500 1
424600 0
373100 1
63800 0
176400 1
752900 0
930100 1
618200 0
698400 1
772200 0
701400 1
300300 0
24800 1
581400 0
142500 1
412000 0
368300 1
822400 0
730100 1
323300 0
611500 1
544000 0
173300 1
812400 0
51300 1
601700 0
641300 1
808800 0
97400 1
890300 0
107800 1
386300 0
387400 1
380700 0
6600 1
738400 0
915800 1
220500 0
484900 1
187300 0
654900 1
990100 0
623400 1
660100 0
823400 1
341800 0
759900 1
482900 0
186600 1
720500 0
210800 1
835700 0
838800 1
284800 0
649000 1
279800 0
248100 1
107800 0
641800 1
206500 0
154600 1
905300 0
439600 1
249800 0
840800 1
823900 0
43000 1
745300 0
223300 1
822600 0
118600 1
788700 0
665200 1
972200 0
426200 1
320500 0
451800 1
882200 0
627800 1
287800 0
719100 1
37100 0
751700 1
671800 0
708100 1
907100 0
213000 1
104900 0
75900 1
724600 0
602700 1
834600 0
39100 1
655900 0
96200 1
301900 0
551900 1
304100 0
93900 1
183200 0
499100 1
811500 0
790900 1
994900 0
671800 1
532500 0
525400 1
665000 0
505800 1
832100 0
99300 1
486900 0
382900 1
127000 0
213100 1
451300 0
228000 1
350000 0
946600 1
842800 0
473000 1
424600 0
404700 1
154700 0
54600 1
514800 0
663800 1
205300 0
949900 1
487700 0
92400 1
750800 0
100300 1
536600 0
123300 1
7800 0
689500 1
306300 0
468700 1
86300 0
512700 1
163500 0
498700 1
217500 0
194500 1
741500 0
509900 1
112600 0
661700 1
743300 0
297900 1
990800 0
995600 1
494200 0
585800 1
449000 0
215700 1
701900 0
254900 1
642300 0
884100 1
37800 0
960900 1
161700 0
81600 1
605700 0
143600 1
572400 0
231100 1
644700 0
703300 1
61700 0
693800 1
239800 0
238600 1
135900 0
274000 1
804900 0
910000 1
24900 0
852100 1
682600 0
895400 1
667400 0
249100 1
990500 0
914700 1
307500 0
3700 1
84800 0
231900 1
644600 0
527700 1
134600 0
378000 1
193400 0
483700 1
124400 0
194500 1
868500 0
19200 1
280500 0
612500 1
150100 0
928200 1
305500 0
813300 1
170100 0
612900 1
732900 0
157300 1
394400 0
419400 1
619000 0
887700 1
64500 0
667200 1
196700 0
963800 1
704300 0
950000 1
203100 0
263300 1
574400 0
287300 1
376100 0
121800 1
943700 0
973900 1
601600 0
142400 1
298400 0
602700 1
634200 0
69700 1
843700 0
535900 1
632000 0
310500 1
473700 0
136800 1
969000 0
616100 1
542400 0
108200 1
214300 0
773000 1
858300 0
592600 1
276100 0
824000 1
730200 0
223800 1
67700 0
556700 1
850900 0
182400 1
894700 0
243500 1
177700 0
803100 1
579000 0
969300 1
83800 0
727800 1
136100 0
727500 1
434100 0
60700 1
182300 0
591100 1
383800 0
610500 1
660700 0
679000 1
725000 0
75200 1
52600 0
517000 1
877500 0
587900 1
908200 0
538500 1
925700 0
235300 1
721900 0
686700 1
117300 0
928300 1
2200 0
38200 1
182400 0
909000 1
672400 0
210100 1
630300 0
232800 1
718100 0
707000 1
162000 0
132100 1
939000 0
875000 1
513500 0
343600 1
340000 0
771900 1
886500 0
55500 1
90600 0
317900 1
937600 0
291400 1
720500 0
826900 1
276300 0
609000 1
832500 0
905000 1
587300 0
132800 1
697700 0
332300 1
63100 0
45700 1
805300 0
416000 1
546600 0
955900 1
734200 0
69600 1
355600 0
600100 1
254700 0
645300 1
14100 0
923800 1
158200 0
634600 1
291200 0
569600 1
289300 0
80300 1
323700 0
741700 1
113500 0
516300 1
908600 0
186900 1
137300 0
640500 1
434000 0
247100 1
615100 0
849100 1
90800 0
494600 1
13900 0
153500 1
253200 0
217500 1
600300 0
935800 1
176400 0
953300 1
217300 0
351200 1
878400 0
809700 1
425800 0
734100 1
323500 0
59200 1
470100 0
80500 1
82000 0
271000 1
49800 0
763800 1
30100 0
932100 1
984800 0
931700 1
378500 0
79600 1
135000 0
419900 1
192400 0
446600 1
3500 0
62800 1
38900 0
197400 1
313500 0
93800 1
838900 0
813400 1
189900 0
83000 1
8700 0
639700 1
190500 0
382800 1
925100 0
49600 1
861600 0
34400 1
10900 0
42100 1
908000 0
304400 1
608000 0
977000 1
207800 0
362100 1
585800 0
277000 1
58300 0
557000 1
486900 0
274600 1
808900 0
380800 1
35400 0
444700 1
292400 0
270800 1
545000 0
218300 1
795600 0
987500 1
931000 0
994800 1
338300 0
599200 1
619500 0
591800 1
62800 0
935300 1
509000 0
450000 1
24700 0
237100 1
104100 0
773100 1
997700 0
416600 1
228100 0
463000 1
36000 0
321400 1
996800 0
629900 1
432000 0
981100 1
903300 0
466000 1
471100 0
367200 1
273100 0
188400 1
574600 0
551200 1
610700 0
428200 1
890700 0
122300 1
367100 0
732400 1
914300 0
95600 1
857400 0
266800 1
657600 0
161000 1
6400 0
784100 1
435000 0
235100 1
620300 0
569000 1
72700 0
937100 1
881100 0
307500 1
842200 0
919400 1
312600 0
191400 1
63100 0
689700 1
673600 0
301000 1
887800 0
222500 1
443500 0
696800 1
895400 0
925900 1
130800 0
695700 1
749000 0
531000 1
96100 0
678300 1
182600 0
620200 1
893600 0
930200 1
702300 0
739700 1
607500 0
127900 1
985300 0
235300 1
3200 0
333200 1
518200 0
817100 1
981600 0
645100 1
110200 0
646400 1
269300 0
143900 1
593400 0
344700 1
155800 0
858000 1
551800 0
217000 1
301100 0
809900 1
598000 0
315500 1
681700 0
814600 1
211300 0
96800 1
450700 0
99400 1
308100 0
972900 1
434500 0
650200 1
73300 0
625300 1
585800 0
156800 1
246400 0
135000 1
189200 0
121000 1
704200 0
420900 1
656900 0
311100 1
880600 0
167500 1
407000 0
647600 1
33100 0
218000 1
224300 0
922600 1
886200 0
146300 1
670000 0
143600 1
478700 0
112700 1
440600 0
236800 1
785300 0
442700 1
796100 0
151600 1
871100 0
252200 1
754200 0
910300 1
619900 0
736000 1
50600 0
188500 1
311600 0
608100 1
847000 0
825300 1
337200 0
750500 1
965800 0
640000 1
528200 0
780400 1
600000 0
335700 1
326600 0
483100 1
877400 0
724200 1
610800 0
410100 1
919300 0
903300 1
957100 0
746900 1
56000 0
153500 1
547300 0
160300 1
78000 0
680400 1
992500 0
289600 1
498600 0
158300 1
448600 0
87000 1
34000 0
407400 1
94200 0
463600 1
948200 0
106100 1
98800 0
832700 1
574600 0
906900 1
953000 0
692600 1
914000 0
116500 1
198900 0
184500 1
233700 0
16600 1
11300 0
944100 1
49500 0
11300 1
430700 0
712100 1
819600 0
188400 1
546000 0
21400 1
845900 0
615500 1
591200 0
59500 1
326300 0
221800 1
72700 0
871900 1
5400 0
783700 1
96500 0
635700 1
8900 0
106300 1
852300 0
527500 1
794700 0
440600 1
128300 0
124900 1
868800 0
79600 1
179900 0
753300 1
804400 0
381700 1
614400 0
991800 1
298900 0
303600 1
956500 0
185800 1
329200 0
184900 1
159200 0
849800 1
984500 0
688800 1
740700 0
952200 1
858100 0
203700 1
622100 0
534200 1
383200 0
72600 1
795300 0
610600 1
925500 0
491800 1
887200 0
473800 1
198000 0
91500 1
114800 0
455200 1
435900 0
531800 1
549900 0
555000 1
6100 0
988800 1
20100 0
137400 1
746300 0
202900 1
39100 0
410200 1
950100 0
498700 1
776300 0
566500 1
48400 0
520900 1
877600 0
661200 1
199900 0
459200 1
497300 0
105900 1
729400 0
174700 1
926600 0
641300 1
128900 0
763200 1
104300 0
146300 1
177400 0
19600 1
547500 0
351000 1
623500 0
922600 1
950800 0
13300 1
634800 0
426800 1
24200 0
934300 1
242200 0
350900 1
877200 0
987300 1
37400 0
101200 1
468400 0
868000 1
144700 0
206500 1
12200 0
48300 1
195100 0
700400 1
149600 0
251700 1
508800 0
821100 1
360600 0
594600 1
61700 0
670700 1
752700 0
9700 1
176600 0
881600 1
55300 0
260700 1
149900 0
267900 1
435900 0
419300 1
902100 0
693600 1
765800 0
682900 1
988100 0
730000 1
198800 0
755700 1
915500 0
819400 1
620500 0
257700 1
412900 0
145800 1
26200 0
646900 1
558700 0
910500 1
24500 0
422900 1
455400 0
190500 1
451200 0
776100 1
324300 0
580300 1
328600 0
765100 1
168000 0
320100 1
348800 0
999200 1
359000 0
385600 1
342500 0
527200 1
721800 0
92500 1
300800 0
275200 1
672800 0
484500 1
906200 0
621200 1
713600 0
957500 1
516500 0
839200 1
515600 0
840700 1
323500 0
30300 1
89400 0
323300 1
213500 0
862700 1
856200 0
302800 1
425600 0
513700 1
360900 0
613800 1
784100 0
16500 1
606900 0
167200 1
886200 0
190500 1
127800 0
749800 1
229400 0
235500 1
516500 0
989400 1
209400 0
161700 1
9500 0
149400 1
457900 0
215500 1
677300 0
204900 1
819300 0
22300 1
620400 0
268500 1
418800 0
694100 1
327800 0
89800 1
887200 0
129800 1
482300 0
77500 1
216200 0
327600 1
961800 0
608000 1
576100 0
796800 1
255800 0
347400 1
801900 0
966600 1
905000 0
975300 1
275800 0
83800 1
604700 0
69300 1
92400 0
920100 1
674000 0
79900 1
705300 0
974700 1
246900 0
912700 1
177200 0
641700 1
983700 0
804500 1
618100 0
247400 1
104700 0
932700 1
544800 0
73100 1
158900 0
709700 1
30400 0
367600 1
201500 0
254400 1
721600 0
410600 1
303700 0
130200 1
50900 0
88800 1
242800 0
801100 1
224800 0
380900 1
642400 0
96000 1
48600 0
655400 1
201300 0
824200 1
505400 0
763400 1
117400 0
533000 1
817500 0
500200 1
480600 0
816300 1
59100 0
2400 1
236900 0
823900 1
313200 0
11600 1
703600 0
622400 1
247300 0
423600 1
913700 0
592700 1
137900 0
388300 1
208300 0
585000 1
287700 0
55900 1
377500 0
100900 1
559400 0
170600 1
490700 0
573600 1
342000 0
376800 1
502600 0
306700 1
262400 0
173900 1
628000 0
787500 1
226000 0
87600 1
728700 0
845700 1
134900 0
449700 1
990900 0
98500 1
395300 0
32200 1
137700 0
820900 1
994700 0
878800 1
866100 0
635300 1
1000000 0
555300 1
342200 0
366800 1
787000 0
395500 1
990900 0
188600 1
489900 0
865800 1
575300 0
550500 1
207400 0
783100 1
388000 0
198200 1
484900 0
168300 1
714700 0
772600 1
974700 0
747600 1
33500 0
62200 1
272300 0
219600 1
778000 0
718600 1
885100 0
469800 1
706000 0
172000 1
72500 0
193400 1
580300 0
771600 1
27200 0
852700 1
517600 0
940900 1
60200 0
188800 1
747400 0
179400 1
797300 0
441200 1
539100 0
447000 1
115300 0
762300 1
364500 0
189800 1
852500 0
260300 1
196300 0
166400 1
696600 0
961000 1
494500 0
380000 1
259700 0
887300 1
367500 0
572300 1
145700 0
503200 1
347800 0
720100 1
698300 0
975700 1
715800 0
979900 1
498800 0
515300 1
161700 0
997200 1
596000 0
327900 1
643800 0
470500 1
495000 0
243800 1
240200 0
748400 1
271400 0
632200 1
412500 0
204100 1
315400 0
960500 1
1700 0
116300 1
517600 0
388300 1
425600 0
280100 1
993700 0
431600 1
807700 0
260300 1
386800 0
985000 1
916600 0
750800 1
500700 0
647600 1
43400 0
74600 1
501200 0
217900 1
566900 0
853300 1
951000 0
85800 1
863700 0
391600 1
31200 0
976500 1
827600 0
104500 1
673700 0
974500 1
91500 0
809000 1
318400 0
446300 1
818900 0
756800 1
16000 0
32400 1
155400 0
745300 1
863200 0
512500 1
653000 0
42300 1
155800 0
569700 1
695800 0
212300 1
588200 0
729100 1
118000 0
661800 1
535200 0
40900 1
495400 0
326900 1
140700 0
230100 1
64100 0
855300 1
986200 0
273100 1
743700 0
208300 1
578700 0
443200 1
691100 0
524700 1
580500 0
434300 1
364000 0
490900 1
679700 0
953800 1
713000 0
775800 1
436700 0
145100 1
73400 0
547300 1
351900 0
979900 1
877400 0
41300 1
577100 0
59800 1
817300 0
966900 1
119100 0
614600 1
377500 0
399100 1
16800 0
225300 1
679000 0
511800 1
53000 0
155300 1
947700 0
997400 1
379600 0
911500 1
21500 0
365400 1
486600 0
283600 1
11500 0
912600 1
851200 0
909500 1
982000 0
83200 1
963400 0
188400 1
677700 0
445700 1
393200 0
229300 1
975500 0
444600 1
850400 0
952500 1
753000 0
723800 1
117100 0
308800 1
566100 0
690300 1
134200 0
779600 1
816200 0
42700 1
852900 0
996800 1
321000 0
496100 1
915400 0
24900 1
176500 0
550600 1
40500 0
608000 1
728300 0
767200 1
318500 0
187600 1
125300 0
913900 1
41400 0
535300 1
681100 0
348700 1
765700 0
969400 1
1300 0
107800 1
404100 0
105100 1
997300 0
788400 1
573600 0
818900 1
75000 0
281100 1
794700 0
741600 1
660800 0
51600 1
705600 0
403600 1
986600 0
153300 1
372500 0
782100 1
275800 0
482500 1
99100 0
930800 1
956600 0
210100 1
774700 0
92000 1
248300 0
786500 1
684700 0
78900 1
461500 0
39100 1
362800 0
629400 1
149600 0
101900 1
957600 0
285600 1
393900 0
458200 1
400700 0
400300 1
343900 0
986100 1
627800 0
996800 1
791100 0
311200 1
951700 0
701100 1
12500 0
66500 1
223500 0
1800 1
934400 0
423800 1
162500 0
577000 1
175800 0
146900 1
678900 0
815000 1
173400 0
433100 1
445900 0
104000 1
611700 0
655000 1
646200 0
860000 1
244900 0
806400 1
101500 0
199300 1
56100 0
927800 1
367600 0
798300 1
715400 0
545700 1
815200 0
122000 1
62900 0
21100 1
192900 0
592600 1
213800 0
559600 1
180500 0
923700 1
455200 0
918000 1
969800 0
12900 1
631400 0
99000 1
986600 0
512100 1
702200 0
415800 1
992600 0
394300 1
882600 0
296000 1
204400 0
151000 1
407100 0
112100 1
763700 0
276700 1
726100 0
154300 1
990500 0
300000 1
136300 0
12200 1
557000 0
705900 1
316200 0
366200 1
954500 0
169900 1
223700 0
7600 1
925100 0
947700 1
62400 0
79900 1
186600 0
317300 1
606900 0
703200 1
195100 0
904400 1
574800 0
68300 1
687000 0
619300 1
722800 0
882300 1
101600 0
809700 1
304800 0
230600 1
722300 0
973500 1
482000 0
702900 1
286600 0
805800 1
818400 0
810300 1
852500 0
22600 1
498500 0
29000 1
753700 0
200400 1
472000 0
692000 1
125000 0
272200 1
171200 0
409600 1
944700 0
393000 1
876100 0
446800 1
379100 0
260200 1
130800 0
474500 1
944400 0
904800 1
639500 0
496600 1
69400 0
233200 1
702400 0
333100 1
969200 0
25200 1
441000 0
637100 1
224200 0
82700 1
373500 0
206700 1
234100 0
98700 1
658600 0
710500 1
587200 0
635100 1
109300 0
63300 1
774700 0
496200 1
449000 0
171000 1
968400 0
957700 1
790100 0
43600 1
835600 0
919800 1
899500 0
178000 1
702400 0
15600 1
624500 0
330900 1
543700 0
159500 1
170000 0
809500 1
959700 0
395700 1
711700 0
735800 1
931900 0
818800 1
811600 0
732200 1
846900 0
225900 1
219800 0
922300 1
861100 0
30700 1
263700 0
122700 1
951200 0
853000 1
992000 0
99600 1
59000 0
477300 1
887800 0
599700 1
577200 0
599900 1
747000 0
799600 1
717500 0
424800 1
113100 0
481700 1
464200 0
812800 1
941000 0
961100 1
378900 0
941000 1
536500 0
494400 1
198400 0
477800 1
76900 0
382700 1
681700 0
32700 1
241400 0
891900 1
163200 0
949900 1
122800 0
161800 1
30800 0
929000 1
514900 0
901600 1
239800 0
902300 1
937900 0
948700 1
308800 0
968500 1
515800 0
894800 1
792900 0
537100 1
88100 0
272500 1
476100 0
428100 1
447500 0
700500 1
561400 0
160200 1
950100 0
451500 1
276500 0
594400 1
391700 0
155200 1
843100 0
956400 1
130000 0
939500 1
550700 0
345400 1
175100 0
415400 1
140400 0
923000 1
853600 0
752100 1
801700 0
479000 1
98400 0
485300 1
801500 0
805400 1
1500 0
977700 1
715500 0
147800 1
147100 0
701000 1
122600 0
449000 1
462500 0
517200 1
733800 0
851300 1
666200 0
63100 1
341800 0
464900 1
206600 0
853100 1
410500 0
116000 1
240100 0
222200 1
122600 0
197700 1
478700 0
419400 1
175500 0
113100 1
533600 0
798800 1
585700 0
735000 1
290300 0
441800 1
839600 0
811700 1
691700 0
841700 1
668100 0
233700 1
824700 0
158500 1
628600 0
106600 1
604700 0
623900 1
190000 0
179200 1
857700 0
823100 1
850300 0
101800 1
261300 0
751200 1
268800 0
926100 1
730500 0
419600 1
172500 0
236400 1
369900 0
535600 1
470900 0
532800 1
535600 0
965100 1
752300 0
228500 1
590900 0
558500 1
391900 0
260200 1
411100 0
942400 1
816900 0
535000 1
242000 0
299600 1
84700 0
821300 1
277800 0
713200 1
350100 0
159200 1
717800 0
477000 1
885500 0
213700 1
65900 0
737700 1
617700 0
31800 1
251800 0
99900 1
882300 0
759100 1
571100 0
539500 1
637600 0
822900 1
270700 0
934600 1
148800 0
216700 1
259900 0
115200 1
754100 0
264500 1
340100 0
579800 1
263400 0
650300 1
938500 0
557200 1
310400 0
935700 1
235600 0
277600 1
930100 0
593700 1
118200 0
522800 1
407800 0
138500 1
680700 0
969400 1
528600 0
183400 1
786900 0
26800 1
15300 0
885100 1
253000 0
593500 1
709800 0
693600 1
780200 0
149200 1
288900 0
819700 1
172300 0
734900 1
609100 0
883800 1
275800 0
52000 1
277000 0
466000 1
908900 0
565400 1
760800 0
510000 1
717900 0
713300 1
740800 0
107400 1
30600 0
640800 1
837400 0
622200 1
865700 0
805500 1
71200 0
588700 1
33900 0
960600 1
547500 0
267200 1
112300 0
880900 1
204700 0
748600 1
535800 0
794500 1
368700 0
176500 1
758900 0
685200 1
619400 0
335500 1
46200 0
937100 1
213900 0
402000 1
945900 0
110700 1
291400 0
433600 1
561700 0
255600 1
418900 0
14700 1
753900 0
671200 1
369800 0
751600 1
89200 0
504900 1
819500 0
284400 1
537800 0
638200 1
597300 0
106200 1
173200 0
714900 1
469300 0
705000 1
753100 0
205300 1
385500 0
338500 1
839100 0
124400 1
251500 0
908200 1
519300 0
55000 1
57100 0
120600 1
944100 0
750900 1
583500 0
396300 1
105500 0
810300 1
353800 0
209900 1
74500 0
451800 1
572300 0
724700 1
381700 0
96400 1
784700 0
163100 1
831300 0
407300 1
113400 0
61700 1
359800 0
842500 1
171900 0
73000 1
181300 0
87800 1
343300 0
196500 1
840300 0
132400 1
71900 0
229800 1
701700 0
863300 1
254200 0
242500 1
220700 0
914700 1
122500 0
110400 1
544200 0
435600 1
919700 0
166100 1
899900 0
354500 1
755600 0
603600 1
310600 0
991200 1
268700 0
319900 1
463200 0
749000 1
744100 0
129200 1
249000 0
514700 1
845700 0
884000 1
575400 0
547800 1
855800 0
655600 1
378400 0
281600 1
63400 0
249500 1
773100 0
786100 1
908500 0
907400 1
410000 0
93500 1
473400 0
176200 1
467000 0
935500 1
793700 0
129700 1
985700 0
796300 1
336400 0
632900 1
425600 0
181300 1
347800 0
707400 1
538400 0
31600 1
377000 0
546400 1
135800 0
192900 1
98800 0
889200 1
254900 0
123200 1
288300 0
815100 1
357000 0
880400 1
827400 0
612300 1
867500 0
750400 1
860400 0
318600 1
99800 0
33600 1
930100 0
749800 1
636800 0
20800 1
581800 0
871200 1
899100 0
723400 1
599900 0
65100 1
528400 0
979500 1
571700 0
229800 1
777000 0
23000 1
844500 0
781900 1
393500 0
15300 1
793300 0
508200 1
561600 0
322700 1
523000 0
661500 1
24500 0
440500 1
305000 0
39300 1
789100 0
197600 1
899800 0
203700 1
564700 0
392900 1
728700 0
284200 1
62800 0
621400 1
601900 0
401900 1
299800 0
129200 1
614700 0
6300 1
91800 0
92300 1
975800 0
651600 1
938100 0
197100 1
781000 0
697900 1
99000 0
268700 1
504900 0
41400 1
207800 0
797900 1
950500 0
100600 1
449200 0
79900 1
895800 0
368900 1
580000 0
361400 1
380200 0
959800 1
443800 0
771400 1
308300 0
14500 1
276300 0
255300 1
976200 0
313700 1
868100 0
127100 1
105800 0
343500 1
827600 0
561300 1
644900 0
62500 1
523900 0
146600 1
235100 0
298600 1
984700 0
420600 1
729200 0
872100 1
247000 0
922500 1
323800 0
776400 1
583900 0
486800 1
435700 0
823600 1
406200 0
151900 1
80100 0
509100 1
739300 0
463700 1
329600 0
259500 1
268600 0
577300 1
407200 0
557400 1
206400 0
355500 1
234500 0
386200 1
495800 0
665900 1
906000 0
543000 1
381300 0
760200 1
525900 0
336900 1
302600 0
176200 1
334900 0
929300 1
761000 0
984400 1
576700 0
561600 1
315500 0
170500 1
710000 0
905000 1
380600 0
637900 1
834200 0
669700 1
126200 0
968000 1
18500 0
385400 1
678600 0
836200 1
407900 0
133300 1
667700 0
63400 1
56300 0
86000 1
808800 0
115600 1
52700 0
26200 1
50000 0
91900 1
779400 0
542200 1
421800 0
503800 1
875800 0
414100 1
625800 0
948800 1
187400 0
870100 1
884500 0
39000 1
412500 0
166100 1
49000 0
557900 1
186500 0
693100 1
522300 0
589900 1
610000 0
421600 1
434200 0
296400 1
130400 0
839000 1
640100 0
995700 1
550800 0
215000 1
92700 0
271900 1
695400 0
778000 1
34000 0
316300 1
181300 0
533100 1
408200 0
888700 1
262500 0
404900 1
805700 0
513200 1
808500 0
7400 1
213600 0
506600 1
481200 0
386700 1
706800 0
532600 1
716000 0
711400 1
302100 0
871300 1
672600 0
495500 1
452400 0
266200 1
567000 0
958900 1
657900 0
735400 1
701500 0
885800 1
635000 0
408700 1
934900 0
451700 1
500100 0
940200 1
307800 0
764700 1
926800 0
633200 1
193500 0
851000 1
213100 0
629500 1
16600 0
185900 1
786900 0
352800 1
465600 0
388300 1
230600 0
39500 1
951200 0
257500 1
363200 0
70900 1
79100 0
449600 1
827900 0
30700 1
748200 0
824000 1
495600 0
418600 1
176900 0
24900 1
855900 0
166900 1
10900 0
684500 1
878400 0
863500 1
58500 0
696300 1
437100 0
63500 1
776100 0
662800 1
884000 0
520100 1
344800 0
967300 1
522600 0
111900 1
582600 0
292600 1
633700 0
695600 1
259500 0
369400 1
516500 0
804500 1
520100 0
136600 1
337300 0
953300 1
184600 0
160700 1
268500 0
143100 1
29900 0
362600 1
178100 0
572400 1
717400 0
319300 1
891100 0
772100 1
214600 0
573500 1
375900 0
995900 1
596700 0
560600 1
659200 0
282900 1
837800 0
205700 1
503600 0
138900 1
148100 0
66800 1
256700 0
200300 1
109500 0
704500 1
126300 0
308300 1
697600 0
158900 1
175500 0
23000 1
562000 0
732400 1
763300 0
886400 1
256200 0
98500 1
23500 0
479900 1
50600 0
394000 1
100600 0
203700 1
913100 0
767400 1
612800 0
321900 1
204500 0
494300 1
883600 0
281100 1
986700 0
306200 1
708300 0
455400 1
770000 0
476100 1
662400 0
55600 1
767600 0
77900 1
393400 0
850200 1
193500 0
771600 1
862100 0
3400 1
228900 0
225700 1
839600 0
689600 1
17300 0
388400 1
103700 0
907700 1
57400 0
799600 1
861100 0
6300 1
596500 0
590300 1
596200 0
563200 1
283100 0
243000 1
126200 0
782800 1
755000 0
514300 1
699400 0
479000 1
383800 0
508200 1
862500 0
75800 1
156700 0
758200 1
662300 0
741200 1
377700 0
51800 1
117200 0
9300 1
435600 0
713500 1
547000 0
36300 1
695700 0
158600 1
814900 0
282600 1
501400 0
123100 1
10100 0
58800 1
99800 0
903900 1
930400 0
222500 1
29100 0
563600 1
236100 0
415700 1
879000 0
788700 1
122600 0
407900 1
857000 0
118500 1
702300 0
840800 1
376600 0
295900 1
850600 0
338600 1
977600 0
598500 1
905600 0
332100 1
471800 0
947700 1
684700 0
442200 1
87100 0
137800 1
346500 0
374700 1
24300 0
472600 1
734100 0
541500 1
615200 0
747900 1
563800 0
136300 1
636900 0
857900 1
364500 0
185400 1
159500 0
67000 1
60400 0
136400 1
232700 0
331700 1
255400 0
242600 1
241400 0
682400 1
7800 0
563300 1
173500 0
989400 1
764600 0
177500 1
188600 0
1000400 1
837500 0
376300 1
587000 0
955400 1
129700 0
560700 1
212700 0
530600 1
53000 0
989000 1
327800 0
401200 1
837200 0
156200 1
771000 0
677400 1
180700 0
154800 1
765200 0
383800 1
197000 0
185500 1
625100 0
549400 1
301300 0
283100 1
378100 0
730800 1
253100 0
90500 1
208100 0
559600 1
536100 0
980600 1
635800 0
628300 1
496300 0
363600 1
87200 0
642600 1
519700 0
384300 1
958400 0
829800 1
412800 0
780900 1
310800 0
909100 1
503300 0
550300 1
691700 0
331700 1
975600 0
877200 1
473600 0
877800 1
601600 0
355900 1
391000 0
958100 1
272900 0
43200 1
10400 0
52800 1
286500 0
205900 1
82100 0
818800 1
12900 0
713600 1
83500 0
794300 1
939000 0
157300 1
845400 0
99100 1
542800 0
459100 1
527600 0
884900 1
731200 0
101400 1
160300 0
498300 1
740000 0
662400 1
2700 0
214400 1
109200 0
160200 1
43500 0
390400 1
462900 0
102100 1
178200 0
830900 1
615900 0
785700 1
506800 0
635900 1
222000 0
286400 1
5400 0
726800 1
121500 0
264000 1
63800 0
299800 1
49200 0
162600 1
1900 0
178300 1
46200 0
326400 1
793000 0
578000 1
130500 0
616000 1
61100 0
525000 1
737200 0
436100 1
99100 0
156200 1
133000 0
399900 1
147100 0
20700 1
795400 0
171000 1
83400 0
946200 1
259500 0
488600 1
767700 0
803400 1
11500 0
651700 1
458300 0
345000 1
751300 0
515600 1
510800 0
699000 1
149700 0
591300 1
177900 0
610200 1
559200 0
759300 1
88600 0
863600 1
182900 0
270300 1
110600 0
273300 1
249300 0
236700 1
387300 0
671100 1
763200 0
114600 1
346200 0
510300 1
467700 0
171100 1
626700 0
538900 1
522500 0
330100 1
183400 0
651300 1
700000 0
925300 1
814700 0
162400 1
561700 0
530000 1
228600 0
84500 1
519900 0
768500 1
612500 0
765800 1
157700 0
964000 1
169400 0
419500 1
209900 0
518800 1
675000 0
904800 1
358900 0
731200 1
259900 0
464200 1
365600 0
900800 1
111800 0
669300 1
289900 0
734700 1
64200 0
128800 1
835000 0
306400 1
77900 0
611900 1
193200 0
200000 1
477400 0
203800 1
283500 0
111500 1
578800 0
139300 1
459300 0
873200 1
812200 0
162900 1
46000 0
19700 1
950500 0
319000 1
364200 0
826400 1
46500 0
62800 1
316000 0
798200 1
718500 0
471700 1
592800 0
118000 1
647100 0
741700 1
288800 0
163000 1
340900 0
571600 1
647600 0
149900 1
817700 0
948600 1
890800 0
272800 1
712200 0
520400 1
177300 0
8500 1
73100 0
432300 1
15700 0
497600 1
20700 0
738100 1
927500 0
817500 1
488800 0
144100 1
179200 0
546400 1
279100 0
634200 1
562100 0
66000 1
755100 0
436700 1
233600 0
209400 1
368800 0
635200 1
629900 0
739100 1
294900 0
1500 1
983700 0
473300 1
490100 0
787400 1
38500 0
218100 1
41400 0
351400 1
37500 0
851800 1
15400 0
63400 1
777700 0
363100 1
285600 0
324500 1
897100 0
215100 1
152300 0
468700 1
659500 0
789700 1
286600 0
590800 1
109600 0
580900 1
882800 0
4900 1
659900 0
201800 1
65500 0
451000 1
933500 0
601300 1
597900 0
864900 1
266400 0
153300 1
32700 0
837000 1
130300 0
267500 1
854400 0
525900 1
120600 0
426700 1
876900 0
857600 1
910300 0
230700 1
819800 0
1400 1
494800 0
375800 1
566500 0
735700 1
662500 0
696100 1
989500 0
246000 1
783200 0
337900 1
818800 0
248300 1
129900 0
480300 1
516600 0
469600 1
860500 0
146700 1
540500 0
225500 1
240300 0
948600 1
390200 0
251900 1
538900 0
263500 1
763300 0
824800 1
509900 0
136100 1
820900 0
308000 1
640200 0
64800 1
531100 0
863700 1
750800 0
290100 1
996700 0
40700 1
307000 0
806600 1
991900 0
199800 1
521000 0
846600 1
81500 0
714700 1
69200 0
259600 1
595500 0
165300 1
496200 0
279700 1
193400 0
204800 1
193000 0
773000 1
917900 0
40400 1
551100 0
665600 1
385000 0
432900 1
711900 0
908100 1
7600 0
198000 1
615500 0
211300 1
887100 0
900100 1
111300 0
915300 1
159700 0
337200 1
387600 0
702200 1
873400 0
995700 1
77900 0
657900 1
545200 0
231700 1
307000 0
148100 1
631900 0
598100 1
184900 0
938200 1
516800 0
402700 1
289600 0
855900 1
334000 0
648900 1
309900 0
703000 1
430700 0
682100 1
423000 0
877400 1
898700 0
402900 1
26800 0
291500 1
141400 0
517400 1
304900 0
190400 1
196900 0
942400 1
541500 0
71100 1
172100 0
744000 1
110300 0
453000 1
7600 0
608200 1
471700 0
505100 1
111100 0
638100 1
900200 0
350500 1
713400 0
644700 1
107100 0
850900 1
23300 0
311300 1
93500 0
800800 1
543300 0
13600 1
566900 0
778600 1
773200 0
228600 1
210500 0
408300 1
208900 0
773300 1
255000 0
734700 1
249200 0
199800 1
519400 0
413400 1
226200 0
252000 1
108600 0
841200 1
551700 0
205400 1
153700 0
508700 1
777000 0
227900 1
654900 0
705900 1
885600 0
839200 1
44300 0
932000 1
860900 0
288300 1
175400 0
870900 1
854200 0
337400 1
665500 0
518200 1
369400 0
246900 1
65300 0
840200 1
494300 0
95700 1
260800 0
912400 1
636700 0
622000 1
818800 0
668000 1
387100 0
498400 1
28500 0
131800 1
98900 0
168800 1
795900 0
792000 1
978100 0
19200 1
30300 0
445800 1
957600 0
378000 1
913400 0
269200 1
150800 0
90900 1
232400 0
433000 1
241500 0
72200 1
272500 0
723500 1
158500 0
663200 1
440100 0
236200 1
199800 0
85400 1
389600 0
655700 1
265700 0
414200 1
164900 0
290100 1
88500 0
289600 1
600800 0
263900 1
10500 0
17900 1
763500 0
197200 1
616400 0
342000 1
19600 0
170000 1
426100 0
81700 1
210000 0
46200 1
972400 0
691000 1
576500 0
148400 1
701000 0
532200 1
400700 0
397200 1
430800 0
831500 1
501000 0
215800 1
209400 0
332600 1
976000 0
773300 1
180600 0
905900 1
161500 0
459700 1
115200 0
696200 1
910200 0
238000 1
327800 0
53700 1
753000 0
427800 1
980100 0
599200 1
86500 0
520500 1
93000 0
552300 1
552900 0
303700 1
995600 0
951800 1
699100 0
98400 1
547300 0
524000 1
775300 0
411100 1
737400 0
646400 1
769700 0
81200 1
639400 0
672600 1
400500 0
867200 1
851500 0
584800 1
566800 0
590400 1
498300 0
519300 1
929000 0
216500 1
652800 0
507400 1
67200 0
775700 1
973300 0
300000 1
724600 0
718600 1
663700 0
797400 1
728800 0
311200 1
900600 0
720200 1
668800 0
249500 1
537400 0
713800 1
366700 0
740000 1
226100 0
3300 1
385900 0
409300 1
208500 0
233400 1
964500 0
110500 1
251100 0
30800 1
65400 0
106000 1
611400 0
276400 1
767600 0
638300 1
629700 0
106700 1
3300 0
767300 1
756600 0
851900 1
717000 0
412500 1
218500 0
979700 1
881200 0
671700 1
846500 0
634900 1
400200 0
231000 1
1700 0
772500 1
216300 0
14000 1
589900 0
181800 1
578100 0
108900 1
27300 0
589300 1
768400 0
199200 1
447700 0
874500 1
567000 0
850000 1
222600 0
804900 1
56100 0
872900 1
887100 0
586800 1
114000 0
248900 1
698400 0
335100 1
846400 0
155100 1
99400 0
1500 1
147700 0
249800 1
580300 0
964600 1
245300 0
564400 1
138700 0
261100 1
645700 0
171200 1
335600 0
310300 1
791900 0
336900 1
149600 0
782000 1
212300 0
829500 1
678500 0
955200 1
288700 0
25600 1
28200 0
213500 1
548400 0
77300 1
484500 0
156800 1
709800 0
547000 1
301100 0
14200 1
971000 0
16200 1
444400 0
198100 1
281600 0
327400 1
519900 0
338400 1
940800 0
143900 1
318600 0
197800 1
211700 0
469200 1
1000 0
328000 1
256900 0
319000 1
72200 0
989900 1
459800 0
813900 1
821000 0
627600 1
74800 0
272100 1
121400 0
107700 1
93900 0
767000 1
102300 0
191800 1
644800 0
365500 1
617100 0
601100 1
269800 0
504600 1
944200 0
769500 1
96600 0
345400 1
43000 0
538600 1
275300 0
782800 1
19300 0
953200 1
115100 0
216900 1
170100 0
213800 1
433000 0
295100 1
800100 0
757200 1
107500 0
962700 1
258100 0
585900 1
500700 0
657000 1
171100 0
229700 1
296500 0
691800 1
278000 0
148600 1
34000 0
98200 1
187700 0
275600 1
164600 0
231800 1
971000 0
84600 1
793200 0
315200 1
966300 0
564000 1
644800 0
255600 1
919200 0
397700 1
118100 0
305100 1
382100 0
349500 1
744700 0
470100 1
38000 0
931100 1
810400 0
692500 1
562500 0
641700 1
274900 0
940000 1
977300 0
74200 1
587700 0
905100 1
249700 0
861100 1
228000 0
57900 1
485500 0
385100 1
736300 0
89800 1
160100 0
170000 1
823600 0
468300 1
985000 0
820500 1
714400 0
675500 1
975000 0
636100 1
824300 0
63500 1
630000 0
976400 1
894900 0
168300 1
459400 0
802300 1
898400 0
246500 1
655900 0
684300 1
367200 0
15100 1
364800 0
39700 1
632800 0
621500 1
346700 0
811100 1
820600 0
216500 1
150500 0
59400 1
143200 0
986900 1
784000 0
533900 1
523900 0
347900 1
737300 0
964100 1
415600 0
973900 1
968800 0
77500 1
207300 0
933900 1
295800 0
666000 1
857700 0
81000 1
78100 0
945600 1
426400 0
367500 1
548300 0
541000 1
691700 0
52000 1
287600 0
306700 1
234600 0
727200 1
658700 0
650400 1
337300 0
172200 1
772000 0
273500 1
263600 0
820600 1
484000 0
773700 1
547300 0
911700 1
45400 0
815100 1
354400 0
163800 1
607800 0
159000 1
813400 0
888800 1
328200 0
54600 1
111100 0
441600 1
878600 0
504000 1
634500 0
819300 1
403400 0
129000 1
245300 0
16400 1
314900 0
722700 1
678800 0
553600 1
530600 0
648200 1
20500 0
938400 1
309500 0
28100 1
206600 0
518000 1
933100 0
549700 1
705400 0
731800 1
924500 0
4800 1
417000 0
698900 1
176500 0
562600 1
736500 0
413500 1
42900 0
714000 1
124500 0
487400 1
284400 0
447200 1
97100 0
120400 1
18700 0
268100 1
287700 0
316900 1
462400 0
104100 1
331500 0
531900 1
147400 0
90500 1
492700 0
981000 1
194400 0
431400 1
272800 0
946900 1
65100 0
471500 1
133500 0
801500 1
97800 0
306700 1
700100 0
755400 1
420500 0
459700 1
601400 0
346200 1
780900 0
858100 1
505600 0
136700 1
369000 0
642800 1
88600 0
370900 1
796000 0
8100 1
832000 0
534200 1
523300 0
589300 1
214400 0
323200 1
15200 0
859300 1
5000 0
142200 1
560600 0
254300 1
910500 0
458500 1
935200 0
66400 1
449300 0
791700 1
384500 0
798600 1
632600 0
131000 1
42100 0
95700 1
176200 0
265000 1
91600 0
846700 1
172500 0
839000 1
57200 0
407900 1
602600 0
515600 1
472900 0
47500 1
23800 0
573400 1
184700 0
934300 1
281200 0
411600 1
984700 0
986700 1
942300 0
678300 1
95300 0
982800 1
444300 0
661200 1
489300 0
139200 1
20000 0
722200 1
808000 0
664100 1
809900 0
746800 1
644100 0
56300 1
565400 0
510000 1
166800 0
790900 1
785700 0
335500 1
613800 0
199600 1
315000 0
73000 1
924000 0
885000 1
858100 0
753300 1
74100 0
184200 1
60500 0
966500 1
128400 0
743200 1
596700 0
526200 1
457000 0
60100 1
42700 0
803400 1
509500 0
30800 1
290600 0
880000 1
399800 0
2000 1
424800 0
443100 1
233900 0
637700 1
132600 0
108600 1
144400 0
170800 1
600800 0
966800 1
971600 0
792500 1
50500 0
317800 1
912400 0
453100 1
204000 0
300800 1
483800 0
88000 1
434400 0
195000 1
943000 0
872700 1
13700 0
59700 1
137500 0
290800 1
242900 0
48300 1
249900 0
71700 1
213800 0
791700 1
230500 0
658600 1
450900 0
934300 1
525000 0
694000 1
110400 0
557200 1
722100 0
3500 1
586800 0
248200 1
897100 0
581500 1
75200 0
592700 1
623600 0
78500 1
97300 0
207300 1
379100 0
115000 1
188200 0
343300 1
250500 0
463700 1
392400 0
974400 1
944900 0
760300 1
213400 0
709300 1
811600 0
949700 1
248200 0
94100 1
129900 0
852100 1
46500 0
185500 1
299500 0
970500 1
92900 0
74500 1
891100 0
306200 1
17400 0
885100 1
29100 0
489300 1
28300 0
40100 1
195600 0
521800 1
649800 0
925100 1
441600 0
319200 1
348200 0
604000 1
620100 0
599000 1
155200 0
126600 1
205500 0
63700 1
100200 0
318200 1
262300 0
823400 1
395700 0
246800 1
434200 0
284500 1
954000 0
410900 1
931700 0
422000 1
980700 0
339000 1
567900 0
92100 1
323800 0
15000 1
968300 0
973000 1
353400 0
149800 1
46800 0
421200 1
51500 0
278300 1
611000 0
39200 1
168800 0
345600 1
885800 0
646200 1
738900 0
262700 1
142300 0
228200 1
550600 0
112100 1
319300 0
834600 1
980200 0
968800 1
48700 0
714800 1
391400 0
206200 1
455500 0
450800 1
831600 0
137900 1
999900 0
64500 1
742600 0
297400 1
554600 0
34200 1
112500 0
397800 1
70000 0
60400 1
219100 0
83400 1
489500 0
851700 1
140100 0
261700 1
534300 0
343900 1
98000 0
894700 1
547400 0
804300 1
128400 0
366300 1
424600 0
529400 1
665900 0
414900 1
400100 0
412500 1
929900 0
869100 1
66900 0
5400 1
28500 0
434900 1
953400 0
820000 1
260600 0
853300 1
37800 0
973700 1
646500 0
442600 1
66600 0
947400 1
133900 0
249500 1
483600 0
739600 1
76600 0
352800 1
595400 0
455200 1
66700 0
558700 1
226500 0
247500 1
19300 0
172200 1
849700 0
626900 1
204400 0
333000 1
123900 0
981800 1
657500 0
764600 1
57400 0
372400 1
751400 0
905200 1
39400 0
601400 1
567200 0
154400 1
671200 0
86300 1
63300 0
603100 1
701700 0
378600 1
963500 0
34600 1
853300 0
215500 1
736000 0
581100 1
957300 0
42800 1
193600 0
251100 1
489100 0
356600 1
719100 0
174300 1
462100 0
651200 1
575600 0
707800 1
955900 0
726600 1
643000 0
489700 1
164700 0
566400 1
960400 0
264500 1
426000 0
336100 1
374700 0
867100 1
326300 0
439200 1
794900 0
149800 1
50500 0
759600 1
466200 0
392800 1
608400 0
298500 1
176900 0
754800 1
547500 0
991500 1
916400 0
603500 1
218900 0
42300 1
516300 0
792800 1
676100 0
683400 1
895300 0
112900 1
655400 0
635100 1
926400 0
36200 1
556500 0
547600 1
743800 0
815000 1
119900 0
372400 1
334700 0
579100 1
498000 0
51500 1
770400 0
620200 1
834800 0
656400 1
370700 0
352700 1
615000 0
19000 1
257100 0
757200 1
287000 0
211100 1
63100 0
979700 1
715900 0
303500 1
267600 0
962400 1
511600 0
899600 1
909700 0
989800 1
7200 0
129900 1
859400 0
97900 1
218100 0
802400 1
908700 0
967100 1
142400 0
969700 1
203600 0
508500 1
799000 0
6800 1
285500 0
979100 1
220100 0
171800 1
516700 0
420600 1
996400 0
710100 1
610500 0
776600 1
217600 0
715400 1
467200 0
855300 1
302700 0
981300 1
435000 0
406400 1
38000 0
35500 1
336900 0
276400 1
39600 0
964500 1
871300 0
236100 1
225000 0
242700 1
181800 0
275200 1
974000 0
676800 1
678500 0
163400 1
143600 0
83200 1
147500 0
731100 1
90300 0
86900 1
383600 0
140000 1
97700 0
412600 1
503200 0
254300 1
269700 0
890900 1
232400 0
478400 1
730900 0
147300 1
830400 0
369900 1
501200 0
764800 1
315300 0
402300 1
522100 0
648600 1
142000 0
112200 1
285400 0
913700 1
45800 0
240900 1
351800 0
985400 1
492300 0
130800 1
977200 0
955000 1
759000 0
36300 1
990500 0
242700 1
890200 0
590600 1
620900 0
897300 1
128400 0
618400 1
931800 0
258300 1
794300 0
272400 1
905200 0
652700 1
243400 0
719700 1
922800 0
939000 1
448000 0
353600 1
126800 0
140000 1
400000 0
79600 1
99800 0
505600 1
318800 0
268100 1
272500 0
273500 1
661300 0
409700 1
654900 0
806300 1
348000 0
170700 1
147600 0
775000 1
110300 0
901500 1
296600 0
408800 1
756000 0
865100 1
11400 0
360100 1
971500 0
293600 1
928700 0
980200 1
315600 0
477600 1
980500 0
502500 1
748200 0
626400 1
744500 0
454700 1
51800 0
661700 1
956200 0
209800 1
691500 0
36900 1
923300 0
747700 1
11700 0
741400 1
860600 0
694100 1
678000 0
90200 1
178400 0
905600 1
140700 0
429700 1
566900 0
955800 1
780900 0
499500 1
169500 0
58300 1
433300 0
258200 1
613200 0
325100 1
198300 0
943900 1
654200 0
144400 1
918300 0
858000 1
278900 0
126800 1
574500 0
705900 1
415100 0
976300 1
335600 0
155500 1
241300 0
505300 1
86600 0
33200 1
655800 0
270000 1
536700 0
707100 1
363300 0
967200 1
705700 0
848400 1
918500 0
235400 1
164300 0
761000 1
224300 0
741900 1
231200 0
533600 1
606300 0
294400 1
337000 0
905800 1
318900 0
59700 1
101700 0
430500 1
414600 0
700400 1
82000 0
614300 1
125400 0
507100 1
388000 0
871300 1
674900 0
929700 1
583000 0
159500 1
562500 0
225700 1
156700 0
960500 1
448000 0
862600 1
625400 0
824800 1
990900 0
477100 1
968300 0
19600 1
849200 0
316200 1
972700 0
856300 1
38700 0
763900 1
77400 0
364500 1
666600 0
251800 1
147400 0
425400 1
507100 0
380000 1
741100 0
618800 1
455800 0
121200 1
605000 0
484100 1
402500 0
95400 1
28200 0
511000 1
487600 0
952000 1
442200 0
908800 1
212700 0
701600 1
852700 0
556900 1
126400 0
772700 1
295200 0
609800 1
633500 0
562900 1
562100 0
809100 1
121800 0
463400 1
76700 0
442100 1
30300 0
525600 1
476100 0
460600 1
775700 0
652000 1
141700 0
789900 1
761900 0
769700 1
907500 0
190800 1
340000 0
696900 1
181200 0
26900 1
568700 0
987500 1
757500 0
664000 1
653200 0
741100 1
28200 0
783300 1
702100 0
799200 1
126300 0
668300 1
12200 0
200700 1
385300 0
852500 1
47400 0
246800 1
72500 0
706100 1
199600 0
626400 1
796300 0
516300 1
116300 0
973100 1
550800 0
34700 1
863700 0
762200 1
398000 0
954100 1
933600 0
757100 1
58100 0
600200 1
162700 0
232600 1
637300 0
917900 1
449200 0
501200 1
47400 0
610700 1
716400 0
47000 1
917700 0
368400 1
782000 0
69400 1
514600 0
74800 1
30200 0
302300 1
247800 0
827200 1
909500 0
141900 1
546600 0
894100 1
592000 0
808700 1
359500 0
682500 1
68300 0
928000 1
260100 0
627100 1
532300 0
116000 1
920400 0
791400 1
511100 0
414300 1
888000 0
418600 1
358200 0
10000 1
764400 0
323900 1
226500 0
396800 1
721700 0
25100 1
731800 0
31200 1
780200 0
757600 1
162200 0
140100 1
367800 0
75000 1
847900 0
125300 1
3500 0
184000 1
356400 0
921700 1
833700 0
41400 1
255800 0
84800 1
988100 0
361600 1
165200 0
69500 1
384000 0
613500 1
217800 0
163900 1
253800 0
183100 1
715800 0
707200 1
143700 0
892600 1
482800 0
345500 1
772600 0
483700 1
371000 0
292700 1
72100 0
611800 1
290100 0
978000 1
357200 0
875200 1
911100 0
62100 1
547700 0
978800 1
568600 0
381700 1
767300 0
802500 1
829300 0
255800 1
28000 0
355000 1
558900 0
601900 1
360100 0
139800 1
373800 0
230600 1
923900 0
216800 1
754000 0
112400 1
227500 0
205200 1
875900 0
520800 1
349500 0
186700 1
993000 0
705500 1
688500 0
143900 1
464200 0
413100 1
222900 0
760100 1
858800 0
117700 1
376500 0
203100 1
794500 0
440000 1
937400 0
959200 1
350700 0
712300 1
386300 0
116100 1
675400 0
154800 1
426400 0
589400 1
307800 0
122000 1
423000 0
27600 1
578200 0
506300 1
988200 0
642400 1
603400 0
326300 1
327000 0
804100 1
571400 0
679000 1
60500 0
54900 1
786000 0
698400 1
945000 0
505000 1
595600 0
278800 1
588500 0
969300 1
842300 0
40100 1
234500 0
980900 1
47200 0
818400 1
242300 0
790600 1
215400 0
181900 1
197100 0
38200 1
537900 0
563400 1
316100 0
61400 1
110500 0
88800 1
318900 0
240500 1
844200 0
243200 1
974300 0
797800 1
549700 0
220100 1
485400 0
106700 1
80800 0
294400 1
240400 0
574100 1
622100 0
542000 1
380300 0
622700 1
990500 0
695200 1
1000800 0
22000 1
295800 0
598800 1
126100 0
446300 1
25400 0
458200 1
465700 0
875800 1
158100 0
172600 1
376300 0
946300 1
287900 0
100600 1
583000 0
474100 1
671700 0
8900 1
733300 0
930000 1
876500 0
115100 1
219400 0
698400 1
346600 0
210100 1
771000 0
771200 1
303000 0
359700 1
843400 0
414500 1
198000 0
22500 1
188600 0
420800 1
862400 0
723200 1
598200 0
474600 1
522000 0
327700 1
911300 0
427700 1
192200 0
73200 1
288300 0
481500 1
532100 0
932100 1
400100 0
320600 1
995400 0
168300 1
746900 0
480300 1
148400 0
514900 1
46600 0
517700 1
717700 0
103700 1
694900 0
282400 1
874600 0
751400 1
83100 0
334500 1
144500 0
881000 1
169300 0
146300 1
956800 0
535600 1
778900 0
894900 1
636600 0
576300 1
972000 0
890800 1
128400 0
443100 1
122400 0
191600 1
170600 0
132300 1
602100 0
825600 1
566100 0
686200 1
652400 0
198700 1
886600 0
589800 1
68300 0
752400 1
1700 0
960200 1
163000 0
352300 1
647800 0
978700 1
961200 0
108400 1
452400 0
767200 1
16500 0
105800 1
150500 0
298900 1
640000 0
90100 1
82800 0
122700 1
264100 0
918600 1
423600 0
153900 1
512000 0
245000 1
178700 0
732300 1
559200 0
311900 1
320500 0
314600 1
986000 0
691200 1
705500 0
104100 1
17400 0
231900 1
780100 0
101000 1
214700 0
767400 1
287600 0
206200 1
720700 0
875600 1
339800 0
408100 1
394300 0
546200 1
102900 0
943700 1
434400 0
751500 1
58500 0
557200 1
300400 0
774700 1
54500 0
23000 1
83300 0
603500 1
224100 0
161300 1
828700 0
787600 1
126400 0
129000 1
841900 0
586000 1
406700 0
987500 1
928400 0
327000 1
188000 0
675000 1
909300 0
243800 1
317900 0
84300 1
809300 0
824200 1
268700 0
213700 1
231800 0
976200 1
144300 0
816800 1
309800 0
587000 1
487500 0
270600 1
149300 0
717500 1
581500 0
577700 1
180900 0
600200 1
245700 0
888500 1
466200 0
539900 1
984500 0
263500 1
271000 0
662600 1
109500 0
222600 1
387000 0
306700 1
244400 0
296800 1
124100 0
946200 1
250500 0
508400 1
317700 0
590500 1
198600 0
753800 1
940000 0
975800 1
456200 0
730100 1
151800 0
485600 1
529800 0
448900 1
171500 0
659100 1
253000 0
442500 1
78200 0
722600 1
399600 0
503900 1
991800 0
91600 1
415700 0
511000 1
677000 0
113000 1
383800 0
611600 1
720100 0
959100 1
915900 0
827900 1
452600 0
74800 1
364000 0
40700 1
19200 0
523500 1
425200 0
539400 1
60200 0
375600 1
882400 0
900700 1
132100 0
213700 1
304600 0
757300 1
176100 0
608100 1
310400 0
137200 1
880700 0
95300 1
76900 0
806600 1
169800 0
483700 1
12700 0
888600 1
340800 0
822700 1
974500 0
444200 1
692700 0
182400 1
504200 0
830900 1
825300 0
65400 1
757000 0
771400 1
96200 0
44800 1
441800 0
76300 1
840100 0
765600 1
387000 0
302600 1
592200 0
175900 1
478300 0
575900 1
970100 0
59300 1
765900 0
197700 1
914900 0
175000 1
139300 0
648200 1
696600 0
335800 1
579800 0
589200 1
233700 0
320700 1
555400 0
855000 1
453700 0
39300 1
722300 0
979500 1
898900 0
172600 1
556400 0
780600 1
811200 0
279600 1
469000 0
890700 1
47300 0
271600 1
983500 0
123900 1
37800 0
274600 1
983400 0
339300 1
6600 0
483200 1
607800 0
254300 1
431000 0
28600 1
873100 0
782400 1
294800 0
343100 1
610600 0
127000 1
958100 0
786800 1
637200 0
131300 1
999400 0
101300 1
882400 0
882100 1
243800 0
918200 1
622900 0
952200 1
617700 0
629700 1
181500 0
460100 1
560600 0
748600 1
616800 0
783000 1
79200 0
482800 1
856400 0
550200 1
34800 0
247100 1
47300 0
101500 1
194000 0
69700 1
346500 0
921600 1
483100 0
113700 1
771200 0
552400 1
327800 0
157800 1
897900 0
321100 1
566500 0
385900 1
194800 0
900300 1
469100 0
163700 1
607600 0
28300 1
36700 0
686400 1
648500 0
976300 1
869300 0
454000 1
792300 0
836700 1
236200 0
916400 1
915600 0
516700 1
459700 0
518200 1
127600 0
31300 1
67300 0
933700 1
741000 0
896600 1
317000 0
242900 1
153200 0
744500 1
72400 0
813400 1
756800 0
21500 1
46900 0
891100 1
720100 0
633600 1
115200 0
508800 1
436100 0
19600 1
672600 0
559000 1
381400 0
11800 1
693300 0
56700 1
123700 0
426700 1
373700 0
625100 1
149700 0
422600 1
927800 0
625500 1
27100 0
786000 1
339000 0
923100 1
629600 0
705000 1
941000 0
757300 1
33600 0
471300 1
910900 0
648400 1
895500 0
309500 1
339700 0
325200 1
190000 0
26000 1
101100 0
668300 1
970100 0
247300 1
272800 0
928600 1
186500 0
699100 1
473800 0
123700 1
86500 0
995900 1
335000 0
99700 1
941000 0
31900 1
468900 0
78400 1
291800 0
529700 1
895200 0
537000 1
506900 0
242300 1
691000 0
322800 1
585100 0
36200 1
353500 0
820400 1
508300 0
902100 1
514700 0
248300 1
632600 0
260900 1
225500 0
706600 1
711300 0
227200 1
878000 0
784600 1
679800 0
294000 1
631300 0
44800 1
57900 0
322100 1
963100 0
781600 1
221900 0
312700 1
369200 0
620100 1
204400 0
90300 1
942700 0
944500 1
137200 0
822300 1
824700 0
138100 1
360400 0
122500 1
146100 0
975600 1
705900 0
113700 1
168100 0
240400 1
524400 0
259700 1
523000 0
229200 1
902500 0
134100 1
271000 0
1700 1
99500 0
318700 1
944900 0
292900 1
575400 0
614100 1
915400 0
786700 1
73900 0
140700 1
840200 0
241900 1
444100 0
13100 1
51300 0
4600 1
644600 0
108400 1
829600 0
449700 1
487700 0
409100 1
29300 0
679900 1
742900 0
544500 1
4400 0
194800 1
3900 0
942100 1
37300 0
182200 1
225800 0
231100 1
622200 0
814700 1
645800 0
622200 1
285700 0
77400 1
497700 0
27400 1
113300 0
691700 1
343800 0
859000 1
79100 0
690000 1
299300 0
44000 1
16800 0
397200 1
644000 0
231900 1
875200 0
588500 1
99800 0
844200 1
66500 0
805400 1
470400 0
134700 1
377900 0
431700 1
61900 0
349300 1
338200 0
99100 1
436900 0
773900 1
847600 0
203800 1
183100 0
746200 1
323300 0
18900 1
43300 0
970500 1
738000 0
267200 1
196200 0
372400 1
586900 0
185900 1
838100 0
528900 1
48400 0
144100 1
92800 0
491600 1
739100 0
514700 1
538300 0
594100 1
492400 0
935300 1
244200 0
827000 1
565000 0
674000 1
342700 0
493700 1
741400 0
872200 1
937100 0
235200 1
229400 0
744500 1
110900 0
901400 1
938000 0
239000 1
351600 0
373000 1
429000 0
984300 1
267400 0
440500 1
31500 0
89600 1
120900 0
402000 1
577700 0
266100 1
766800 0
729000 1
203000 0
762000 1
598200 0
14800 1
959600 0
501700 1
790000 0
105100 1
588400 0
416500 1
587400 0
380100 1
682700 0
75500 1
847500 0
161000 1
298000 0
296400 1
228200 0
680600 1
919300 0
767400 1
934800 0
924800 1
95800 0
135400 1
257000 0
990900 1
304800 0
62300 1
882400 0
457600 1
920000 0
489300 1
244200 0
541600 1
74300 0
674000 1
158500 0
408300 1
283200 0
873200 1
147600 0
121100 1
102800 0
966200 1
295800 0
692500 1
967800 0
304900 1
51800 0
462200 1
542000 0
758700 1
95100 0
732400 1
706700 0
964800 1
595600 0
820700 1
128900 0
485100 1
38900 0
374300 1
155100 0
552100 1
263000 0
663000 1
264700 0
891000 1
505200 0
105600 1
965600 0
674900 1
572300 0
346600 1
762900 0
35100 1
78500 0
175900 1
340300 0
955900 1
871500 0
173900 1
528000 0
964900 1
2400 0
123200 1
978700 0
325200 1
946700 0
508500 1
266500 0
213800 1
461600 0
350200 1
692400 0
24900 1
12600 0
844100 1
659100 0
539500 1
276100 0
372900 1
484200 0
450800 1
661200 0
201600 1
547400 0
518500 1
181800 0
235900 1
126100 0
963900 1
921000 0
186200 1
435500 0
244600 1
417600 0
889000 1
217700 0
844800 1
405200 0
654400 1
46200 0
944800 1
969400 0
832500 1
231700 0
27700 1
562300 0
470800 1
244300 0
724000 1
174800 0
38600 1
580600 0
744800 1
187400 0
692000 1
475900 0
880900 1
772600 0
429900 1
996400 0
99300 1
256700 0
389900 1
113100 0
878100 1
652600 0
98200 1
656300 0
822600 1
271300 0
241000 1
570000 0
588500 1
586700 0
852900 1
972300 0
589600 1
31400 0
888400 1
103400 0
648400 1
655900 0
806300 1
821900 0
347000 1
284100 0
402400 1
376100 0
806300 1
951500 0
696400 1
226700 0
117800 1
318900 0
573500 1
255500 0
997800 1
225300 0
171600 1
642600 0
589600 1
215700 0
262700 1
763300 0
398700 1
22000 0
171300 1
801000 0
356700 1
369600 0
923900 1
11900 0
797100 1
179000 0
680200 1
931500 0
674400 1
167900 0
168300 1
388800 0
336700 1
864200 0
974300 1
100400 0
78900 1
964600 0
671800 1
13000 0
519300 1
303200 0
576200 1
178200 0
745800 1
128400 0
864300 1
301400 0
227200 1
16000 0
931600 1
330800 0
17700 1
513300 0
637100 1
509500 0
118500 1
113900 0
471600 1
712400 0
434100 1
229700 0
536400 1
430600 0
932700 1
998100 0
649400 1
806400 0
525000 1
976900 0
475200 1
374700 0
636200 1
981100 0
40900 1
263800 0
102000 1
215500 0
466200 1
634500 0
749600 1
414600 0
327500 1
774900 0
426400 1
435900 0
705300 1
203100 0
381500 1
914200 0
179400 1
423900 0
627600 1
534400 0
154200 1
287800 0
288700 1
916900 0
217500 1
587500 0
530100 1
725300 0
110700 1
413100 0
962700 1
37000 0
101400 1
48000 0
967600 1
772500 0
179800 1
385100 0
89800 1
794900 0
428500 1
454000 0
949000 1
246600 0
630900 1
900300 0
272100 1
754900 0
511600 1
80600 0
917800 1
529000 0
203000 1
852700 0
85800 1
875500 0
736000 1
316300 0
252900 1
430100 0
110600 1
507900 0
768900 1
69600 0
342300 1
612500 0
445500 1
276600 0
580300 1
803600 0
993200 1
622100 0
221000 1
955900 0
281300 1
185300 0
447200 1
789000 0
77400 1
386400 0
222500 1
71600 0
808000 1
632800 0
835300 1
884600 0
241600 1
301900 0
343900 1
605100 0
72800 1
361400 0
556200 1
354200 0
523300 1
754800 0
639200 1
160500 0
501200 1
152600 0
169900 1
327000 0
706400 1
470300 0
409800 1
655100 0
556700 1
650300 0
708100 1
492800 0
169500 1
492200 0
415000 1
992600 0
290600 1
844400 0
497000 1
791600 0
352800 1
130000 0
384700 1
726200 0
143500 1
174700 0
18800 1
17700 0
492300 1
785400 0
48800 1
165300 0
749800 1
128600 0
724700 1
862100 0
301300 1
1000500 0
177500 1
230400 0
982000 1
508900 0
624000 1
971900 0
763900 1
997500 0
570700 1
568700 0
505800 1
500300 0
272700 1
408100 0
327000 1
690200 0
348600 1
166800 0
909100 1
298800 0
904700 1
505400 0
123600 1
699900 0
115100 1
919500 0
206800 1
278000 0
822900 1
866800 0
292200 1
106700 0
933800 1
39100 0
165100 1
92900 0
545000 1
163300 0
111500 1
897000 0
85700 1
802300 0
645800 1
26900 0
875100 1
363800 0
630600 1
738000 0
451000 1
712900 0
390500 1
343700 0
686900 1
575100 0
850500 1
55600 0
194500 1
144500 0
34800 1
992600 0
139900 1
62600 0
410300 1
666700 0
475200 1
608300 0
156900 1
136100 0
178000 1
49100 0
498900 1
705400 0
144700 1
883100 0
105200 1
453900 0
990900 1
704200 0
421200 1
118900 0
503400 1
320400 0
3200 1
11000 0
511800 1
736500 0
704800 1
463400 0
973200 1
760200 0
730700 1
57600 0
920300 1
152200 0
322400 1
357900 0
388300 1
76500 0
16700 1
786500 0
678100 1
575100 0
195400 1
224200 0
561000 1
189800 0
414200 1
961400 0
439800 1
295500 0
874100 1
197500 0
15700 1
50000 0
98500 1
641500 0
375700 1
369000 0
452100 1
528000 0
434100 1
80700 0
761000 1
264800 0
256200 1
729300 0
610100 1
598600 0
442800 1
287900 0
157900 1
510500 0
459000 1
252200 0
332700 1
357900 0
157600 1
95100 0
195300 1
937200 0
450700 1
261700 0
820400 1
806200 0
879900 1
727200 0
519900 1
859600 0
351400 1
358900 0
747700 1
153700 0
733900 1
947300 0
130500 1
759000 0
832600 1
582200 0
527400 1
652800 0
228600 1
219800 0
242400 1
177100 0
378500 1
471900 0
751500 1
756400 0
363400 1
414200 0
384200 1
697700 0
619200 1
651300 0
533400 1
376800 0
279700 1
174200 0
442800 1
650300 0
694000 1
200600 0
423000 1
194600 0
13300 1
823300 0
282200 1
110800 0
808600 1
401900 0
857900 1
706200 0
166500 1
235900 0
950600 1
276100 0
74200 1
122000 0
776800 1
539100 0
75000 1
276400 0
209500 1
128200 0
395400 1
222500 0
763200 1
244600 0
636800 1
206600 0
986000 1
937800 0
45400 1
509300 0
186800 1
756900 0
786500 1
672100 0
907600 1
847300 0
562800 1
148800 0
294300 1
255200 0
68200 1
762800 0
140600 1
182700 0
709500 1
275700 0
201700 1
36800 0
125200 1
311100 0
426000 1
984100 0
885400 1
820400 0
739800 1
950600 0
915000 1
24900 0
188700 1
382400 0
203700 1
14300 0
675200 1
290600 0
634000 1
69600 0
927900 1
562400 0
157800 1
603900 0
473200 1
41100 0
43200 1
697400 0
676200 1
875200 0
362400 1
190600 0
12800 1
851400 0
688100 1
699800 0
43500 1
196700 0
583300 1
229200 0
203000 1
492300 0
674600 1
83100 0
152700 1
112600 0
767600 1
275200 0
517500 1
581500 0
850900 1
819800 0
894300 1
63000 0
676100 1
93000 0
254000 1
10900 0
7700 1
175800 0
51200 1
739300 0
270600 1
935200 0
623200 1
352300 0
512700 1
256800 0
823500 1
429700 0
220900 1
202000 0
170400 1
384000 0
160200 1
143000 0
630200 1
906300 0
178300 1
605700 0
414400 1
921100 0
284300 1
393400 0
480600 1
164300 0
194700 1
996000 0
104500 1
560500 0
270400 1
114000 0
269900 1
513800 0
972100 1
89500 0
37700 1
144500 0
882800 1
958300 0
648000 1
556300 0
375200 1
680600 0
939800 1
574900 0
569500 1
886900 0
98600 1
611100 0
666800 1
873200 0
945600 1
227100 0
492700 1
251700 0
107200 1
528700 0
409300 1
788700 0
118600 1
578400 0
7100 1
77100 0
972100 1
836400 0
917000 1
35400 0
590700 1
515600 0
611600 1
3000 0
366200 1
703000 0
412700 1
661300 0
137300 1
363700 0
49200 1
356000 0
400200 1
546900 0
581600 1
419800 0
933800 1
825500 0
109900 1
231300 0
111800 1
29100 0
846500 1
868900 0
901400 1
100700 0
116700 1
129000 0
270900 1
326500 0
892100 1
650200 0
301800 1
344200 0
583900 1
701200 0
713000 1
789200 0
198200 1
976600 0
866200 1
213600 0
454800 1
940700 0
19900 1
534200 0
845900 1
873200 0
667400 1
91000 0
476900 1
135100 0
847000 1
537500 0
536800 1
618600 0
724000 1
930400 0
850300 1
601100 0
837200 1
303100 0
979300 1
388500 0
427200 1
160200 0
645200 1
111100 0
523600 1
932200 0
769600 1
845300 0
955100 1
746400 0
40700 1
550600 0
6900 1
458300 0
18300 1
328900 0
709200 1
168200 0
436500 1
244100 0
469100 1
895900 0
228900 1
318500 0
960800 1
143700 0
250200 1
669200 0
576700 1
698600 0
649300 1
966400 0
886800 1
111500 0
510300 1
521900 0
370400 1
311500 0
629500 1
763400 0
944200 1
938000 0
31100 1
705600 0
713900 1
160500 0
203000 1
963700 0
58300 1
30800 0
746300 1
44500 0
850600 1
92900 0
667100 1
690000 0
286400 1
96400 0
879000 1
631200 0
27100 1
499400 0
242300 1
294800 0
673500 1
53500 0
423300 1
770700 0
103600 1
421300 0
745700 1
695200 0
877300 1
464600 0
85800 1
868800 0
169500 1
974400 0
183500 1
817400 0
569800 1
81000 0
95800 1
781800 0
558500 1
963000 0
5700 1
88000 0
254200 1
359100 0
118600 1
867700 0
7500 1
170200 0
122300 1
298200 0
174900 1
962600 0
612500 1
197700 0
361900 1
510400 0
420400 1
196300 0
590400 1
493500 0
474000 1
408900 0
276400 1
398800 0
574300 1
792000 0
824700 1
694800 0
189500 1
684600 0
32000 1
159100 0
241300 1
858100 0
831400 1
817500 0
21100 1
645200 0
550700 1
59400 0
825100 1
384300 0
660200 1
436200 0
218100 1
549600 0
183500 1
189200 0
219200 1
428000 0
137700 1
793300 0
687100 1
285100 0
7800 1
584300 0
767000 1
191000 0
125200 1
64700 0
392900 1
94500 0
235500 1
683800 0
110300 1
126800 0
167200 1
479300 0
931100 1
561400 0
50100 1
768100 0
497100 1
400700 0
268400 1
143700 0
946700 1
537800 0
332600 1
754900 0
820400 1
501400 0
830800 1
266300 0
906700 1
73600 0
722500 1
606900 0
292000 1
41000 0
645100 1
812100 0
59800 1
207200 0
257000 1
258300 0
310700 1
636200 0
834100 1
737500 0
910700 1
681200 0
153800 1
947900 0
778900 1
17700 0
55400 1
865600 0
394200 1
123600 0
440000 1
141200 0
774000 1
542200 0
51600 1
430000 0
653900 1
592500 0
142800 1
37900 0
848400 1
452200 0
246200 1
218500 0
245900 1
232800 0
138800 1
297000 0
592000 1
935600 0
43200 1
131900 0
618800 1
722100 0
89400 1
867800 0
631400 1
808500 0
720100 1
737100 0
702300 1
69500 0
583300 1
421800 0
318000 1
956000 0
238700 1
11400 0
458800 1
885400 0
86400 1
112700 0
106800 1
28600 0
106200 1
109500 0
585100 1
508700 0
657900 1
569900 0
193700 1
2900 0
154200 1
715900 0
44200 1
372600 0
73800 1
11400 0
776200 1
934300 0
205100 1
722600 0
910100 1
252400 0
838500 1
357200 0
27900 1
615100 0
864600 1
227200 0
340200 1
434200 0
611000 1
26800 0
27000 1
805800 0
615500 1
982700 0
197200 1
208600 0
179800 1
615800 0
680200 1
524800 0
972800 1
615000 0
797100 1
811700 0
269800 1
660900 0
164300 1
357300 0
825200 1
812700 0
198100 1
12100 0
562500 1
158200 0
719500 1
338400 0
681400 1
28200 0
313800 1
874100 0
201800 1
220500 0
451500 1
684200 0
364600 1
197600 0
455600 1
149900 0
555300 1
206600 0
70100 1
563800 0
927100 1
5100 0
657000 1
118600 0
733100 1
823100 0
967400 1
582500 0
510500 1
387600 0
51300 1
934400 0
788700 1
902300 0
935200 1
974700 0
1700 1
834000 0
260300 1
30100 0
5500 1
57200 0
755100 1
317000 0
245800 1
242900 0
989900 1
361000 0
41400 1
342500 0
266700 1
640700 0
572100 1
333800 0
830900 1
796900 0
267000 1
217300 0
13100 1
684500 0
362800 1
245900 0
112300 1
395400 0
12700 1
175600 0
772200 1
45600 0
220000 1
410400 0
229900 1
127800 0
528100 1
184700 0
565600 1
183000 0
220700 1
507100 0
397700 1
19800 0
77200 1
156500 0
919600 1
174900 0
634700 1
72800 0
1000000 1
159000 0
251500 1
862100 0
349800 1
624300 0
951600 1
683600 0
220800 1
959100 0
850100 1
688600 0
130400 1
433800 0
1800 1
262400 0
88400 1
200300 0
957300 1
285600 0
746500 1
433500 0
725800 1
59200 0
220900 1
962000 0
161700 1
193100 0
135600 1
680700 0
244100 1
442400 0
648000 1
347500 0
441000 1
804600 0
821900 1
409500 0
578200 1
31600 0
896700 1
180200 0
319100 1
334800 0
838300 1
293700 0
934600 1
68200 0
592300 1
628600 0
690500 1
717100 0
368200 1
472200 0
512400 1
68200 0
446700 1
632100 0
416100 1
578000 0
277100 1
144100 0
113400 1
264000 0
572300 1
395300 0
339100 1
835900 0
210400 1
229800 0
495000 1
976100 0
589900 1
116500 0
297900 1
679500 0
550500 1
110900 0
529700 1
4600 0
828200 1
751300 0
881500 1
911400 0
672500 1
360800 0
389600 1
432500 0
402700 1
943800 0
826500 1
270000 0
656200 1
279500 0
543200 1
680800 0
239900 1
260300 0
210000 1
856400 0
545400 1
776900 0
20200 1
171800 0
930100 1
998900 0
260200 1
158000 0
458800 1
181900 0
390100 1
364600 0
821600 1
475500 0
751700 1
183300 0
145200 1
161200 0
964300 1
473600 0
711600 1
935700 0
885600 1
209800 0
263700 1
80000 0
32000 1
455100 0
665100 1
935200 0
707600 1
770200 0
693800 1
73700 0
307400 1
515700 0
893700 1
851700 0
535300 1
673200 0
115200 1
478100 0
801600 1
1400 0
172300 1
739300 0
308600 1
586600 0
180600 1
231200 0
904400 1
804200 0
892200 1
39300 0
31200 1
525200 0
652000 1
356800 0
86700 1
916500 0
991500 1
357900 0
748300 1
59800 0
939500 1
507300 0
247100 1
925700 0
1000600 1
934600 0
219900 1
493400 0
638600 1
437500 0
656900 1
511900 0
642200 1
759500 0
35400 1
348100 0
838900 1
765900 0
642300 1
466700 0
492800 1
916500 0
612100 1
388800 0
436900 1
445600 0
440800 1
35500 0
678500 1
10700 0
153200 1
420100 0
354300 1
951200 0
58100 1
315100 0
908300 1
909800 0
168500 1
42400 0
23900 1
215800 0
41700 1
337200 0
643700 1
124000 0
23100 1
890500 0
687500 1
263800 0
340400 1
649600 0
201700 1
701300 0
995700 1
117200 0
998200 1
418000 0
6200 1
600900 0
572100 1
819800 0
662000 1
695000 0
829400 1
672100 0
165400 1
644900 0
250500 1
330300 0
382100 1
490500 0
348800 1
228600 0
754600 1
743400 0
517900 1
993600 0
810900 1
196600 0
535900 1
609300 0
884400 1
126400 0
959000 1
88200 0
576700 1
407800 0
889600 1
275000 0
648900 1
902500 0
433400 1
145900 0
135100 1
487500 0
194300 1
657000 0
75800 1
921700 0
908100 1
769900 0
313200 1
896700 0
486500 1
581500 0
224000 1
938600 0
733900 1
747200 0
57900 1
547500 0
821600 1
279400 0
287600 1
802300 0
488800 1
100300 0
998600 1
59900 0
610100 1
214700 0
748300 1
709000 0
281000 1
115100 0
663500 1
489400 0
711500 1
755000 0
79100 1
349800 0
1500 1
957400 0
643200 1
121400 0
420600 1
693800 0
451200 1
923800 0
879300 1
153100 0
887900 1
663800 0
228500 1
206400 0
209500 1
744400 0
964900 1
739100 0
60200 1
883400 0
577000 1
881000 0
554600 1
66300 0
139700 1
601100 0
479200 1
69800 0
104200 1
623400 0
302400 1
152500 0
771600 1
589100 0
328500 1
49500 0
500300 1
476700 0
648300 1
867400 0
5700 1
218600 0
558600 1
64400 0
226600 1
214200 0
568300 1
962900 0
362700 1
914000 0
427600 1
160600 0
498200 1
404300 0
903900 1
399500 0
307400 1
658900 0
221700 1
61500 0
712500 1
67100 0
951400 1
241000 0
93900 1
187500 0
258600 1
343400 0
68900 1
228300 0
393300 1
758600 0
278200 1
298900 0
274300 1
549000 0
529800 1
173300 0
122400 1
152500 0
451700 1
523200 0
171900 1
780600 0
356600 1
143400 0
468400 1
739600 0
609100 1
288300 0
157400 1
207900 0
376600 1
279500 0
277100 1
794700 0
17800 1
354800 0
38100 1
388200 0
809000 1
801700 0
729900 1
263800 0
860800 1
9000 0
664200 1
290900 0
823300 1
926200 0
548300 1
921700 0
587600 1
710900 0
705300 1
253000 0
338900 1
117600 0
118900 1
172200 0
304900 1
825600 0
668000 1
998900 0
605400 1
622800 0
131800 1
417900 0
635800 1
992000 0
178500 1
320000 0
848400 1
243100 0
381700 1
794400 0
909200 1
940000 0
377400 1
440000 0
254000 1
624900 0
72400 1
795200 0
587800 1
463300 0
776800 1
558800 0
938100 1
457900 0
142100 1
153800 0
111700 1
122300 0
765800 1
902300 0
524000 1
153900 0
413200 1
885800 0
873200 1
72700 0
368300 1
90200 0
480400 1
448500 0
377900 1
353700 0
451000 1
209200 0
513400 1
204200 0
468400 1
139400 0
457600 1
155800 0
70000 1
336800 0
756700 1
815400 0
476600 1
480000 0
771100 1
90000 0
651600 1
889300 0
636000 1
351800 0
201200 1
511600 0
67500 1
440700 0
921100 1
727800 0
953400 1
285200 0
37700 1
733500 0
582600 1
897000 0
928000 1
52000 0
301900 1
966300 0
124300 1
695900 0
641000 1
604200 0
826300 1
158500 0
406900 1
194100 0
432600 1
723500 0
303100 1
198000 0
738700 1
394100 0
801700 1
1900 0
486100 1
375300 0
425000 1
969700 0
764200 1
903000 0
785700 1
719400 0
566600 1
255100 0
472900 1
724500 0
955100 1
979000 0
378600 1
832500 0
648600 1
534100 0
845800 1
681500 0
471100 1
911200 0
618300 1
115900 0
568600 1
151200 0
255100 1
799100 0
609500 1
603500 0
369300 1
487800 0
367500 1
310700 0
562400 1
896500 0
567400 1
897300 0
989800 1
876500 0
355000 1
965800 0
940800 1
594600 0
250800 1
414500 0
140100 1
865600 0
195300 1
534900 0
269200 1
38300 0
873500 1
833300 0
691100 1
369400 0
719400 1
20200 0
355200 1
273100 0
229800 1
357100 0
831700 1
684100 0
211900 1
160900 0
542400 1
199600 0
99200 1
144000 0
298400 1
41500 0
549500 1
232300 0
609400 1
338000 0
74100 1
464600 0
728400 1
36900 0
912300 1
614000 0
6400 1
160600 0
1000 1
477600 0
78100 1
944400 0
254200 1
866500 0
733700 1
265600 0
464900 1
725800 0
435600 1
199300 0
181000 1
329500 0
45700 1
827000 0
216300 1
413500 0
450800 1
664300 0
437000 1
717900 0
226900 1
205600 0
626900 1
175500 0
469300 1
292500 0
80000 1
76200 0
196900 1
406500 0
924500 1
199500 0
921700 1
846300 0
15100 1
183300 0
51100 1
555300 0
286600 1
984400 0
139700 1
51500 0
159900 1
393900 0
89200 1
192500 0
95600 1
462800 0
78300 1
345200 0
306500 1
78100 0
120100 1
459600 0
364700 1
273000 0
281100 1
445300 0
693500 1
243000 0
987400 1
108100 0
611400 1
777500 0
344600 1
540300 0
182200 1
836400 0
978200 1
615500 0
733800 1
847600 0
116400 1
90000 0
286400 1
196800 0
414700 1
248600 0
62200 1
933600 0
463300 1
554200 0
193800 1
413000 0
736000 1
796500 0
39700 1
640700 0
781300 1
50200 0
254300 1
239600 0
634100 1
393300 0
324300 1
218500 0
169100 1
371500 0
342600 1
93500 0
621400 1
12600 0
456400 1
34500 0
241500 1
112400 0
307300 1
514400 0
338800 1
549300 0
243200 1
513000 0
957100 1
827500 0
14200 1
206700 0
722700 1
38500 0
939700 1
26600 0
480200 1
81100 0
35100 1
541700 0
827200 1
581100 0
636600 1
314200 0
399500 1
345600 0
616700 1
370500 0
589300 1
852600 0
512400 1
213200 0
560100 1
890300 0
126400 1
326900 0
971300 1
603500 0
939200 1
164500 0
407900 1
116100 0
28900 1
558600 0
370900 1
246400 0
261100 1
715100 0
571400 1
528100 0
241400 1
646500 0
368500 1
944100 0
782800 1
782700 0
592200 1
999700 0
450900 1
413500 0
938500 1
203900 0
666400 1
331700 0
69100 1
741700 0
100300 1
540000 0
