9800 1
7300 0
10100 1
1600 0
10000 1
3800 0
10600 1
2100 0
10000 1
9000 0
4600 1
4200 0
9800 1
2600 0
9900 1
4500 0
4200 1
6000 0
10900 1
10800 0
2600 1
5000 0
8200 1
8600 0
2400 1
9600 0
3900 1
8800 0
1500 1
5300 0
9800 1
8500 0
5000 1
5300 0
4500 1
3500 0
6900 1
5600 0
9300 1
2000 0
3900 1
4300 0
6500 1
3300 0
5700 1
3500 0
5300 1
4300 0
1700 1
8700 0
7000 1
9900 0
10500 1
3400 0
9100 1
10800 0
9900 1
9000 0
5500 1
1800 0
10100 1
3200 0
3100 1
6400 0
10900 1
4100 0
2200 1
10200 0
5900 1
4900 0
5700 1
7300 0
3800 1
7900 0
9100 1
3100 0
5500 1
6800 0
10600 1
2500 0
2200 1
8600 0
4900 1
7800 0
3800 1
8800 0
9400 1
6100 0
3700 1
4600 0
10500 1
9300 0
6300 1
9200 0
7200 1
8400 0
9200 1
8900 0
9600 1
3500 0
