662800 1
491400 0
363700 1
7700 0
312000 1
983900 0
837100 1
324000 0
812100 1
712600 0
583200 1
295800 0
591800 1
435900 0
325400 1
102300 0
421900 1
655000 0
182800 1
776400 0
687600 1
143000 0
666700 1
685200 0
179700 1
583500 0
126900 1
364300 0
603900 1
585600 0
562300 1
398500 0
893200 1
845500 0
37700 1
393600 0
258400 1
600400 0
726500 1
519100 0
42200 1
812300 0
971600 1
691300 0
275000 1
665000 0
399300 1
820000 0
128200 1
409400 0
488200 1
82500 0
155200 1
591600 0
18200 1
480900 0
19600 1
177300 0
205600 1
30000 0
933200 1
934900 0
149400 1
681600 0
74300 1
732900 0
374000 1
764100 0
140900 1
862200 0
559200 1
351100 0
396700 1
976200 0
925900 1
339300 0
664200 1
60000 0
900800 1
236200 0
92500 1
64300 0
107700 1
838200 0
912900 1
107000 0
944800 1
179500 0
475500 1
691200 0
813000 1
670400 0
496100 1
328700 0
75100 1
858600 0
348000 1
767800 0
460700 1
409300 0
