8900 1
3300 0
6700 1
5200 0
8500 1
8700 0
4400 1
7300 0
2800 1
4800 0
8400 1
5900 0
3500 1
10200 0
5300 1
9800 0
7000 1
3300 0
9200 1
9400 0
1500 1
5700 0
10500 1
5400 0
3000 1
1000 0
9600 1
10500 0
1100 1
6700 0
3200 1
3500 0
6400 1
8500 0
6200 1
7300 0
1300 1
6500 0
8200 1
8900 0
1700 1
5200 0
8200 1
2100 0
2800 1
10800 0
3500 1
10300 0
10700 1
5100 0
9100 1
9200 0
6400 1
9700 0
1300 1
10900 0
3200 1
2500 0
7700 1
2800 0
6600 1
3000 0
1500 1
8200 0
4300 1
10600 0
5900 1
5500 0
3100 1
7000 0
7000 1
6000 0
6700 1
2500 0
5800 1
6100 0
2600 1
4800 0
10000 1
3800 0
4500 1
4300 0
3600 1
5200 0
7000 1
9400 0
10300 1
5400 0
9000 1
4500 0
7800 1
4600 0
5100 1
3100 0
5800 1
1600 0
8600 1
8600 0
6800 1
2600 0
